# Wavelength	Absorbance
197.780200 2.878522
197.984200 0.171552
198.188200 -0.133086
198.392200 2.682145
198.596300 0.181924
198.800300 2.318063
199.004400 -0.152959
199.208500 -0.227834
199.412600 -0.385564
199.616800 2.768638
199.820900 0.556898
200.025100 2.877947
200.229200 -0.512457
200.433400 3.008600
200.637600 -0.095658
200.841800 -0.111256
201.046100 3.008600
201.250300 3.142702
201.454600 0.149378
201.658900 3.051153
201.863100 0.394874
202.067400 2.760422
202.271800 0.450319
202.476100 0.320185
202.680500 0.303623
202.884800 2.980458
203.089200 0.716565
203.293600 0.221328
203.498000 2.913284
203.702400 -0.490910
203.906900 0.180890
204.111300 0.000000
204.315800 0.719754
204.520300 3.062958
204.724800 -0.225870
204.929300 2.396199
205.133800 0.430071
205.338400 0.006620
205.543000 3.171434
205.747500 2.682145
205.952100 0.296146
206.156700 0.298232
206.361400 -2.902547
206.566000 2.187521
206.770600 3.168203
206.975300 -0.880465
207.180000 -1.982271
207.384700 0.092167
207.589400 -2.318063
207.794100 2.480007
207.998900 -0.041487
208.203600 3.152288
208.408400 -0.244826
208.613200 0.197987
208.818000 2.495544
209.022800 -0.487573
209.227600 -0.422588
209.432500 0.028853
209.637300 0.744216
209.842200 2.294466
210.047100 0.198768
210.252000 2.053078
210.456900 0.245627
210.661800 3.055378
210.866800 0.441127
211.071800 3.104487
211.276700 -0.407182
211.481700 0.376561
211.686700 -0.371864
211.891800 -0.663008
212.096800 3.336260
212.301800 2.890421
212.506900 3.209783
212.712000 0.875767
212.917100 3.226342
213.122200 -0.058509
213.327300 1.965620
213.532500 -1.591065
213.737600 0.171845
213.942800 -0.711204
214.148000 2.631444
214.353200 0.000000
214.558400 0.638105
214.763600 1.047806
214.968900 -0.233164
215.174100 3.104487
215.379400 0.000000
215.584700 0.247072
215.790000 -0.072519
215.995300 2.820201
216.200700 -0.007401
216.406000 0.583940
216.611400 -0.499005
216.816800 0.675422
217.022200 -0.494767
217.227600 3.086360
217.433000 0.945494
217.638400 0.447392
217.843900 -0.245257
218.049400 -3.004321
218.254800 0.219320
218.460300 3.008600
218.665900 3.186674
218.871400 3.234517
219.076900 0.253942
219.282500 2.960946
219.488100 3.047275
219.693600 0.120203
219.899200 0.691300
220.104900 3.055378
220.310500 -0.863653
220.516100 -2.701568
220.721800 -0.158443
220.927500 1.480081
221.133200 0.238302
221.338900 2.902003
221.544600 0.575114
221.750300 3.183555
221.956100 0.205843
222.161800 -0.575357
222.367600 2.913284
222.573400 1.052388
222.779200 -2.827369
222.985000 -1.591065
223.190900 0.203870
223.396700 -0.163441
223.602600 -0.010995
223.808500 2.736397
224.014400 2.853698
224.220300 0.777145
224.426200 -0.266544
224.632200 -0.197255
224.838100 2.890421
225.044100 2.653213
225.250100 2.550228
225.456100 2.653213
225.662100 -0.542474
225.868100 -0.967017
226.074200 0.360616
226.280200 -2.008600
226.486300 2.846955
226.692400 -1.908485
226.898500 0.302063
227.104600 2.294466
227.310700 0.107613
227.516900 -0.463100
227.723000 -0.679472
227.929200 3.252853
228.135400 3.074816
228.341600 -0.244073
228.547800 -0.107411
228.754100 0.453663
228.960300 -0.818196
229.166600 -2.853698
229.372900 0.188617
229.579100 0.774562
229.785500 0.090123
229.991800 0.845098
230.198100 2.682145
230.404500 1.963788
230.610800 0.047723
230.817200 -2.495544
231.023600 0.290538
231.230000 1.427775
231.436400 0.792453
231.642900 2.718502
231.849300 2.791691
232.055800 2.008600
232.262300 0.616422
232.468800 1.959041
232.675300 -0.329032
232.881800 -0.199457
233.088400 -0.341641
233.294900 2.550228
233.501500 0.378256
233.708100 -2.318063
233.914700 0.932812
234.121300 0.000000
234.327900 -0.317420
234.534600 -0.131436
234.741300 1.189119
234.947900 0.646491
235.154600 0.621582
235.361300 0.724604
235.568000 -0.008584
235.774800 2.662758
235.981500 -0.265076
236.188300 -2.008600
236.395100 0.200225
236.601800 -2.683047
236.808700 0.058399
237.015500 0.015460
237.222300 2.853698
237.429200 3.265290
237.636000 0.273592
237.842900 1.851258
238.049800 2.918555
238.256700 -0.160368
238.463600 3.063333
238.670600 2.970812
238.877500 3.161967
239.084500 -2.890980
239.291500 1.136437
239.498500 -0.219870
239.705500 0.325389
239.912500 1.845098
240.119500 -1.079181
240.326600 2.190332
240.533700 -3.115943
240.740700 -0.163441
240.947800 0.004463
241.154900 3.059185
241.362100 0.949864
241.569200 -0.454258
241.776400 0.158397
241.983500 2.783904
242.190700 -0.008812
242.397900 -3.136403
242.605100 -0.246798
242.812400 -0.075990
243.019600 1.333808
243.226900 0.008549
243.434100 0.904684
243.641400 -0.062944
243.848700 0.547454
244.056000 -3.039017
244.263400 0.875061
244.470700 0.255416
244.678100 0.203330
244.885400 0.191886
245.092800 -0.440726
245.300200 2.357935
245.507600 0.258494
245.715100 0.039432
245.922500 -0.045389
246.130000 1.230449
246.337500 0.865491
246.544900 -0.470088
246.752400 0.427352
246.960000 3.165244
247.167500 0.782404
247.375000 -3.063709
247.582600 3.025715
247.790200 1.845098
247.997800 3.025715
248.205400 0.543594
248.413000 1.281674
248.620600 0.409478
248.828300 3.270213
249.035900 3.030600
249.243600 0.392204
249.451300 3.282396
249.659000 3.192567
249.866700 0.504502
250.074500 0.170582
250.282200 3.189490
250.490000 3.021603
250.697800 0.110559
250.905600 -0.239324
251.113400 1.021445
251.321200 0.271014
251.529000 -0.591283
251.736900 0.191661
251.944700 0.272860
252.152600 0.364793
252.360500 -0.180862
252.568400 -0.400951
252.776300 -0.587935
252.984300 0.378256
253.192200 -0.062238
253.400200 0.411257
253.608200 2.599883
253.816200 0.039606
254.024200 0.006451
254.232200 -0.759958
254.440200 -2.495544
254.648300 -0.176583
254.856400 2.701568
255.064400 2.775974
255.272500 3.097604
255.480600 0.305488
255.688800 -3.180986
255.896900 1.774922
256.105100 3.284882
256.313200 0.051248
256.521400 2.827369
256.729600 3.025715
256.937800 3.171434
257.146000 0.542167
257.354300 -2.827369
257.562500 1.613055
257.770800 0.000000
257.979100 0.093943
258.187400 2.833784
258.395700 3.082785
258.604000 3.034628
258.812400 -0.363771
259.020700 3.026125
259.229100 0.430071
259.437500 2.975891
259.645900 0.242214
259.854300 -0.125800
260.062700 3.125481
260.271100 -0.472945
260.479600 0.270235
260.688100 1.307020
260.896500 0.676512
261.105000 -0.823909
261.313500 -0.080392
261.522100 1.052797
261.730600 0.548021
261.939200 2.701568
262.147700 0.288327
262.356300 0.966924
262.564900 0.012812
262.773500 -0.038549
262.982200 3.198382
263.190800 -2.701568
263.399500 0.193567
263.608100 0.198284
263.816800 3.034628
264.025500 2.396199
264.234200 -0.707925
264.442900 -1.184465
264.651700 0.195058
264.860400 2.662758
265.069200 3.051153
265.278000 2.990339
265.486800 0.885986
265.695600 2.450249
265.904400 2.950851
266.113300 2.599883
266.322100 -0.105164
266.531000 -0.424865
266.739900 -0.777048
266.948800 0.853965
267.157700 -0.518325
267.366600 0.256038
267.575500 0.177127
267.784500 2.550228
267.993500 0.372543
268.202400 0.091716
268.411400 3.021603
268.620500 0.024779
268.829500 1.520702
269.038500 2.123852
269.247600 3.078819
269.456600 -0.208884
269.665700 0.166331
269.874800 2.907411
270.083900 0.759728
270.293100 -2.866287
270.502200 0.012613
270.711400 -0.700264
270.920500 -0.309230
271.129700 0.363212
271.338900 -0.014079
271.548100 -0.187131
271.757300 -0.033514
271.966600 2.890421
272.175800 0.090653
272.385100 0.093563
272.594400 1.062327
272.803700 3.021603
273.013000 0.080009
273.222300 1.216606
273.431600 3.165244
273.641000 0.263822
273.850400 0.341733
274.059700 2.945961
274.269100 0.187499
274.478500 0.015344
274.688000 0.429971
274.897400 0.129891
275.106900 -1.430951
275.316300 1.046778
275.525800 0.313488
275.735300 0.000000
275.944800 2.965672
276.154300 -0.272749
276.363900 0.008516
276.573400 -0.084690
276.783000 0.086576
276.992600 0.062338
277.202200 0.888912
277.411800 2.587711
277.621400 0.177313
277.831000 0.123399
278.040700 -0.070437
278.250300 0.100870
278.460000 0.056411
278.669700 2.980458
278.879400 -0.653746
279.089100 2.691965
279.298900 0.089196
279.508600 3.025715
279.718400 0.445400
279.928100 -2.599883
280.137900 0.193357
280.347700 -0.461664
280.557600 0.014985
280.767400 0.114221
280.977200 2.872156
281.187100 -3.273233
281.397000 0.353509
281.606900 0.000000
281.816800 0.186147
282.026700 2.357935
282.236600 2.935003
282.446600 -0.256706
282.656500 0.000000
282.866500 2.791691
283.076500 2.338456
283.286500 0.619733
283.496500 -0.085343
283.706500 2.907411
283.916600 2.866287
284.126600 -2.111070
284.336700 0.442395
284.546800 -0.253022
284.756900 1.770443
284.967000 2.896526
285.177100 -0.079902
285.387300 -2.465383
285.597400 3.017033
285.807600 -0.396642
286.017800 0.592678
286.228000 -2.318063
286.438200 3.171434
286.648400 2.940516
286.858700 0.905454
287.068900 -0.395521
287.279200 0.449015
287.489500 0.017033
287.699800 -0.104197
287.910100 2.621176
288.120400 -0.230792
288.330800 -0.423345
288.541100 0.258832
288.751500 -0.861697
288.961900 0.905096
289.172300 -2.799341
289.382700 0.338420
289.593100 2.913284
289.803500 -3.253096
290.014000 2.980458
290.224500 3.059185
290.434900 0.000000
290.645400 0.184021
290.855900 -0.271583
291.066500 0.179986
291.277000 0.248749
291.487500 -0.295070
291.698100 1.177573
291.908700 -0.397940
292.119300 0.054863
292.329900 0.003952
292.540500 0.368518
292.751100 2.956168
292.961800 -1.255273
293.172400 1.916161
293.383100 -2.599883
293.593800 2.994757
293.804500 2.495544
294.015200 -0.058559
294.226000 -1.778151
294.436700 0.640978
294.647500 0.316059
294.858200 0.579272
295.069000 0.505150
295.279800 0.092944
295.490600 0.000000
295.701500 -0.167673
295.912300 0.027025
296.123200 1.157823
296.334000 2.719331
296.544900 2.061536
296.755800 0.557191
296.966700 2.872156
297.177700 2.945961
297.388600 -0.239928
297.599500 2.269513
297.810500 1.081658
298.021500 1.893947
298.232500 1.564575
298.443500 -1.137173
298.654500 0.905695
298.865600 0.341189
299.076600 0.224274
299.287700 0.000000
299.498800 0.145363
299.709900 2.902003
299.921000 0.111646
300.132100 3.038620
300.343200 0.206737
300.554400 2.769377
300.765500 -0.465824
300.976700 -3.030600
301.187900 3.104487
301.399100 0.289835
301.610300 0.392971
301.821500 0.485643
302.032800 0.010366
302.244100 3.017451
302.455300 3.097604
302.666600 3.063333
302.877900 3.226342
303.089200 2.357935
303.300600 0.101218
303.511900 -0.297298
303.723300 2.924279
303.934600 1.293731
304.146000 -1.995635
304.357400 0.524484
304.568800 0.110559
304.780300 0.696744
304.991700 -0.181524
305.203100 -0.541739
305.414600 0.413765
305.626100 2.294466
305.837600 0.020138
306.049100 2.775974
306.260600 0.137339
306.472200 2.245513
306.683700 0.079673
306.895300 -0.429134
307.106900 1.141819
307.318400 3.034628
307.530100 0.251430
307.741700 2.806180
307.953300 3.332236
308.165000 0.000000
308.376600 0.563722
308.588300 3.242293
308.800000 3.034227
309.011700 3.215109
309.223400 3.125806
309.435100 2.450249
309.646900 -0.038990
309.858600 3.054996
310.070400 -0.134117
310.282200 1.447158
310.494000 0.054896
310.705800 0.327470
310.917600 -0.095740
311.129500 2.840106
311.341300 2.041173
311.553200 3.180413
311.765100 0.023306
311.977000 3.142702
312.188900 -0.174341
312.400800 3.030600
312.612700 1.421773
312.824700 3.292034
313.036600 3.158965
313.248600 3.332034
313.460600 2.999565
313.672600 0.724853
313.884600 0.316983
314.096700 2.599883
314.308700 3.475962
314.520800 3.104828
314.732800 0.134667
314.944900 0.292430
315.157000 0.396718
315.369200 3.082785
315.581300 0.203689
315.793400 2.653213
316.005600 3.226342
316.217700 3.168203
316.429900 1.253333
316.642100 3.168203
316.854300 0.340189
317.066600 3.463445
317.278800 0.287450
317.491100 3.192289
317.703300 0.840715
317.915600 3.296446
318.127900 2.190487
318.340200 3.097604
318.552500 0.591572
318.764900 3.139249
318.977200 0.084253
319.189600 3.030195
319.401900 3.427324
319.614300 0.018161
319.826700 0.083724
320.039200 3.358886
320.251600 3.303412
320.464000 3.336260
320.676500 0.329782
320.889000 -0.217664
321.101400 0.066040
321.313900 3.310268
321.526500 0.477782
321.739000 0.675009
321.951500 1.314540
322.164100 1.354429
322.376600 0.279461
322.589200 3.362859
322.801800 0.280103
323.014400 3.360972
323.227000 0.341618
323.439700 3.437433
323.652300 0.807591
323.865000 3.374748
324.077700 0.428418
324.290400 1.719204
324.503100 0.162942
324.715800 0.614537
324.928500 0.221306
325.141200 3.384174
325.354000 0.882197
325.566800 3.389875
325.779600 3.531990
325.992400 0.310388
326.205200 0.441173
326.418000 0.978818
326.630800 1.990430
326.843700 3.659250
327.056600 0.399818
327.269400 3.416973
327.482300 0.484325
327.695200 0.572383
327.908200 1.075426
328.121100 1.675778
328.334000 0.549804
328.547000 3.636688
328.760000 0.472100
328.973000 3.578983
329.186000 0.881264
329.399000 1.356010
329.612000 0.711348
329.825100 3.485153
330.038100 0.735193
330.251200 1.664387
330.464300 3.658298
330.677400 2.044419
330.890500 1.421588
331.103600 0.580508
331.316700 0.675828
331.529900 3.658298
331.743100 0.561863
331.956200 0.451288
332.169400 0.793219
332.382600 0.564708
332.595900 0.815804
332.809100 1.109222
333.022300 3.595606
333.235600 2.378196
333.448900 0.367657
333.662200 0.623506
333.875500 0.491399
334.088800 3.518251
334.302100 2.149456
334.515400 3.647089
334.728800 1.282035
334.942200 3.626956
335.155500 3.580241
335.368900 3.756864
335.582300 0.674737
335.795800 3.676968
336.009200 3.743823
336.222700 0.896860
336.436100 1.507774
336.649600 3.795949
336.863100 0.533038
337.076600 3.787035
337.290100 0.677679
337.503600 3.672098
337.717200 1.209062
337.930700 1.146375
338.144300 0.701856
338.357900 0.526600
338.571500 1.498185
338.785100 0.717330
338.998700 3.739731
339.212400 0.829437
339.426000 0.543647
339.639700 1.349203
339.853300 1.270050
340.067000 3.741388
340.280700 3.765594
340.494500 0.962705
340.708200 1.347603
340.921900 1.436808
341.135700 0.729794
341.349500 1.333326
341.563300 1.316444
341.777100 3.818094
341.990900 3.831166
342.204700 3.816042
342.418500 3.869232
342.632400 3.830460
342.846300 3.839164
343.060100 3.693023
343.274000 0.702166
343.487900 0.785032
343.701900 1.299640
343.915800 0.656618
344.129700 0.646754
344.343700 1.619644
344.557700 1.150433
344.771700 1.126647
344.985700 0.866838
345.199700 3.834484
345.413700 1.006367
345.627700 3.783332
345.841800 0.632977
346.055900 0.760002
346.269900 0.855386
346.484000 3.898615
346.698100 1.142639
346.912300 3.850340
347.126400 1.169615
347.340600 3.899164
347.554700 3.883264
347.768900 1.184754
347.983100 1.509088
348.197300 3.889246
348.411500 1.217170
348.625700 3.866760
348.840000 0.630506
349.054200 2.335020
349.268500 3.952889
349.482800 1.879411
349.697100 1.055347
349.911400 0.696846
350.125700 0.632504
350.340000 3.937869
350.554400 1.282954
350.768700 3.912806
350.983100 3.917820
351.197500 2.633973
351.411900 1.894532
351.626300 2.176766
351.840700 1.565092
352.055200 1.572131
352.269600 0.946212
352.484100 0.769866
352.698600 0.918559
352.913100 0.833148
353.127600 0.705770
353.342100 3.948266
353.556600 1.069917
353.771200 2.099049
353.985800 2.035158
354.200300 3.930898
354.414900 1.430865
354.629500 3.907143
354.844100 1.498729
355.058800 0.703769
355.273400 3.971369
355.488100 3.989138
355.702700 1.467701
355.917400 3.938920
356.132100 1.582558
356.346800 3.982000
356.561500 4.004364
356.776300 1.060514
356.991000 4.003891
357.205800 1.554295
357.420600 1.268871
357.635300 3.982045
357.850100 0.681957
358.065000 3.991935
358.279800 0.949949
358.494600 0.974119
358.709500 1.795395
358.924300 1.206422
359.139200 1.821732
359.354100 1.022060
359.569000 0.759561
359.783900 1.108168
359.998900 0.953142
360.213800 1.397733
360.428800 1.674677
360.643800 3.982497
360.858700 2.705674
361.073700 1.063698
361.288800 1.288559
361.503800 2.017851
361.718800 1.128909
361.933900 4.009323
362.148900 4.016866
362.364000 3.994713
362.579100 1.361277
362.794200 4.002986
363.009300 4.072250
363.224500 0.992189
363.439600 4.024280
363.654800 1.602020
363.869900 0.989147
364.085100 1.073986
364.300300 1.108135
364.515500 1.072752
364.730800 1.096703
364.946000 4.055608
365.161200 1.278948
365.376500 1.620977
365.591800 4.054805
365.807100 4.020403
366.022400 1.142634
366.237700 2.069421
366.453000 4.118562
366.668400 4.089375
366.883700 1.087284
367.099100 4.077622
367.314500 0.904982
367.529900 1.326914
367.745300 1.020556
367.960700 4.089375
368.176100 1.147111
368.391600 1.742015
368.607000 0.846727
368.822500 4.111901
369.038000 4.150173
369.253500 1.096084
369.469000 4.123721
369.684500 1.035571
369.900100 1.655243
370.115600 1.491585
370.331200 4.097847
370.546800 4.104009
370.762400 2.353114
370.978000 4.107990
371.193600 2.513286
371.409200 4.124798
371.624900 1.011182
371.840500 4.181129
372.056200 1.238581
372.271900 2.845856
372.487600 4.180183
372.703300 0.993512
372.919000 1.241182
373.134800 1.368293
373.350500 4.133635
373.566300 1.219130
373.782000 1.424312
373.997800 1.165177
374.213600 0.952300
374.429400 4.167613
374.645300 4.204906
374.861100 4.167317
375.077000 1.153717
375.292800 1.187133
375.508700 1.458658
375.724600 1.474190
375.940500 1.124283
376.156400 4.224455
376.372400 1.809398
376.588300 4.218667
376.804300 2.017236
377.020300 1.368485
377.236200 1.521929
377.452200 1.456235
377.668200 1.205859
377.884300 1.247099
378.100300 1.589564
378.316400 1.555483
378.532400 4.271028
378.748500 4.301356
378.964600 2.303852
379.180700 2.717329
379.396800 1.451901
379.612900 4.277861
379.829100 4.308394
380.045200 4.285760
380.261400 1.716108
380.477600 1.196214
380.693800 2.061818
380.910000 1.487439
381.126200 4.287174
381.342400 1.440863
381.558700 1.253894
381.774900 4.288607
381.991200 4.304318
382.207500 1.545290
382.423800 1.123416
382.640100 4.341553
382.856400 1.764994
383.072800 1.854119
383.289100 2.261137
383.505500 4.335458
383.721900 2.572291
383.938200 1.425657
384.154600 1.560482
384.371100 1.694326
384.587500 1.825045
384.803900 4.366890
385.020400 1.619112
385.236800 4.356332
385.453300 1.520610
385.669800 4.340702
385.886300 1.659177
386.102800 4.360120
386.319400 1.635181
386.535900 4.371972
386.752500 1.724880
386.969000 1.273551
387.185600 4.362124
387.402200 1.207364
387.618800 1.534285
387.835500 1.820015
388.052100 1.354012
388.268700 2.315749
388.485400 1.589179
388.702100 1.401648
388.918800 1.407185
389.135500 2.262682
389.352200 1.601042
389.568900 1.888881
389.785600 1.557669
390.002400 1.531497
390.219200 4.388208
390.435900 4.410828
390.652700 1.053757
390.869500 1.200206
391.086300 1.160633
391.303200 1.454467
391.520000 1.171214
391.736900 1.180669
391.953700 0.988397
392.170600 1.350906
392.387500 0.989179
392.604400 1.410058
392.821300 1.377375
393.038300 1.522183
393.255200 1.290309
393.472200 1.122012
393.689100 1.241414
393.906100 1.257079
394.123100 1.210967
394.340100 0.993881
394.557200 1.091125
394.774200 0.991444
394.991200 0.901868
395.208300 1.078890
395.425400 1.001671
395.642500 0.986316
395.859600 1.073872
396.076700 1.274362
396.293800 0.953753
396.510900 1.244207
396.728100 0.986384
396.945300 1.227169
397.162400 0.860277
397.379600 0.946296
397.596800 0.832177
397.814000 0.971010
398.031300 1.044867
398.248500 0.869901
398.465800 0.858765
398.683000 0.877396
398.900300 1.003402
399.117600 0.836024
399.334900 0.794464
399.552200 0.804249
399.769600 0.725914
399.986900 0.954204
400.204300 0.920741
400.421600 0.814282
400.639000 0.721207
400.856400 0.833623
401.073800 0.743633
401.291200 0.666232
401.508700 0.784024
401.726100 0.844065
401.943600 0.801050
402.161000 0.744608
402.378500 0.728500
402.596000 0.670747
402.813500 0.755207
403.031000 0.689814
403.248600 0.651081
403.466100 0.743346
403.683700 0.755237
403.901300 0.788486
404.118900 0.824594
404.336500 0.719872
404.554100 0.610689
404.771700 0.661090
404.989300 0.679026
405.207000 0.643702
405.424600 0.599909
405.642300 0.614758
405.860000 0.686964
406.077700 0.613660
406.295400 0.574966
406.513100 0.617264
406.730900 0.629510
406.948600 0.546107
407.166400 0.613348
407.384200 0.569790
407.602000 0.616930
407.819800 0.537089
408.037600 0.638189
408.255400 0.492887
408.473300 0.592617
408.691100 0.554064
408.909000 0.569595
409.126900 0.529210
409.344800 0.646931
409.562700 0.471521
409.780600 0.577754
409.998500 0.474519
410.216500 0.567761
410.434400 0.564122
410.652400 0.551305
410.870400 0.549508
411.088400 0.559662
411.306400 0.499319
411.524400 0.535827
411.742400 0.479802
411.960500 0.489206
412.178500 0.477892
412.396600 0.459154
412.614700 0.456225
412.832800 0.475801
413.050900 0.451589
413.269000 0.510687
413.487100 0.509384
413.705300 0.528392
413.923400 0.445357
414.141600 0.422932
414.359800 0.453928
414.578000 0.487907
414.796200 0.404582
415.014400 0.477051
415.232600 0.460361
415.450900 0.463856
415.669200 0.401633
415.887400 0.445255
416.105700 0.418188
416.324000 0.463241
416.542300 0.418430
416.760600 0.383438
416.979000 0.380488
417.197300 0.441042
417.415700 0.457848
417.634100 0.392260
417.852400 0.381999
418.070800 0.394548
418.289300 0.411998
418.507700 0.404212
418.726100 0.408350
418.944600 0.375073
419.163000 0.341232
419.381500 0.385270
419.600000 0.392729
419.818500 0.368294
420.037000 0.357336
420.255500 0.373721
420.474100 0.345966
420.692600 0.348368
420.911200 0.393811
421.129800 0.368540
421.348300 0.387736
421.566900 0.394763
421.785600 0.373549
422.004200 0.377109
422.222800 0.369787
422.441500 0.401675
422.660100 0.363235
422.878800 0.381257
423.097500 0.331420
423.316200 0.382365
423.534900 0.349412
423.753600 0.415514
423.972400 0.339126
424.191100 0.336750
424.409900 0.374317
424.628700 0.342608
424.847500 0.337280
425.066300 0.331454
425.285100 0.327411
425.503900 0.311569
425.722800 0.327048
425.941600 0.356274
426.160500 0.328462
426.379300 0.315762
426.598200 0.321486
426.817100 0.332574
427.036100 0.341601
427.255000 0.361608
427.473900 0.338392
427.692900 0.387693
427.911800 0.329898
428.130800 0.296117
428.349800 0.323761
428.568800 0.325938
428.787800 0.277353
429.006800 0.313623
429.225900 0.314359
429.444900 0.342134
429.664000 0.290129
429.883100 0.305549
430.102200 0.323049
430.321300 0.349945
430.540400 0.318143
430.759500 0.322635
430.978700 0.327134
431.197800 0.352438
431.417000 0.308498
431.636200 0.325583
431.855300 0.305624
432.074500 0.299385
432.293800 0.316330
432.513000 0.328124
432.732200 0.302346
432.951500 0.362516
433.170700 0.326235
433.390000 0.293292
433.609300 0.325301
433.828600 0.316925
434.047900 0.312691
434.267300 0.348770
434.486600 0.297370
434.705900 0.293512
434.925300 0.311734
435.144700 0.297201
435.364100 0.297819
435.583500 0.272315
435.802900 0.293953
436.022300 0.292360
436.241800 0.314670
436.461200 0.321355
436.680700 0.320502
436.900100 0.271425
437.119600 0.302756
437.339100 0.348945
437.558600 0.301646
437.778200 0.304676
437.997700 0.280727
438.217300 0.278232
438.436800 0.296619
438.656400 0.309444
438.876000 0.307759
439.095600 0.296830
439.315200 0.278277
439.534800 0.305066
439.754500 0.324218
439.974100 0.336813
440.193800 0.313961
440.413500 0.334762
440.633100 0.314137
440.852800 0.303662
441.072500 0.316349
441.292300 0.331062
441.512000 0.323405
441.731800 0.365909
441.951500 0.290557
442.171300 0.327554
442.391100 0.322580
442.610900 0.371729
442.830700 0.283759
443.050500 0.315894
443.270300 0.275471
443.490200 0.358821
443.710100 0.307969
443.929900 0.317518
444.149800 0.333988
444.369700 0.322226
444.589600 0.341066
444.809500 0.316680
445.029500 0.346443
445.249400 0.306867
445.469400 0.322320
445.689400 0.325748
445.909300 0.344840
446.129300 0.349587
446.349300 0.365205
446.569400 0.357004
446.789400 0.340365
447.009400 0.354662
447.229500 0.339230
447.449600 0.345405
447.669600 0.294959
447.889700 0.340247
448.109800 0.323467
448.330000 0.380236
448.550100 0.376273
448.770200 0.328880
448.990400 0.377390
449.210600 0.351740
449.430700 0.343802
449.650900 0.348425
449.871100 0.365833
450.091400 0.343338
450.311600 0.396631
450.531800 0.383232
450.752100 0.368945
450.972400 0.350225
451.192600 0.353221
451.412900 0.448706
451.633200 0.357889
451.853500 0.397975
452.073900 0.362452
452.294200 0.423659
452.514600 0.397604
452.734900 0.373893
452.955300 0.363225
453.175700 0.377184
453.396100 0.379475
453.616500 0.383080
453.836900 0.414720
454.057400 0.406003
454.277800 0.393102
454.498300 0.413922
454.718800 0.403607
454.939300 0.415740
455.159700 0.388864
455.380300 0.436425
455.600800 0.403968
455.821300 0.447893
456.041900 0.430346
456.262400 0.457260
456.483000 0.402493
456.703600 0.413800
456.924200 0.447256
457.144800 0.444120
457.365400 0.463929
457.586000 0.420680
457.806700 0.451544
458.027400 0.436099
458.248000 0.478032
458.468700 0.483760
458.689400 0.436653
458.910100 0.484884
459.130800 0.481424
459.351600 0.456543
459.572300 0.430026
459.793100 0.434943
460.013800 0.459336
460.234600 0.484976
460.455400 0.503176
460.676200 0.485579
460.897000 0.489975
461.117800 0.507656
461.338700 0.477525
461.559500 0.543145
461.780400 0.524338
462.001300 0.588798
462.222200 0.503694
462.443100 0.519548
462.664000 0.549401
462.884900 0.575342
463.105900 0.546025
463.326800 0.569975
463.547800 0.555025
463.768700 0.561851
463.989700 0.557799
464.210700 0.594334
464.431700 0.529176
464.652800 0.546640
464.873800 0.541692
465.094800 0.553218
465.315900 0.577217
465.537000 0.559689
465.758100 0.559889
465.979200 0.609946
466.200300 0.604726
466.421400 0.546546
466.642500 0.633168
466.863700 0.546023
467.084800 0.553340
467.306000 0.650091
467.527200 0.597909
467.748400 0.602635
467.969600 0.621235
468.190800 0.632593
468.412000 0.717208
468.633300 0.607776
468.854500 0.647017
469.075800 0.582490
469.297000 0.638674
469.518300 0.653565
469.739600 0.701970
469.961000 0.639431
470.182300 0.636352
470.403600 0.602591
470.625000 0.595161
470.846300 0.691467
471.067700 0.664101
471.289100 0.643235
471.510500 0.695944
471.731900 0.614739
471.953300 0.764242
472.174800 0.701274
472.396200 0.681894
472.617700 0.647355
472.839100 0.733068
473.060600 0.727177
473.282100 0.714247
473.503600 0.675794
473.725100 0.730889
473.946700 0.705377
474.168200 0.682170
474.389800 0.667834
474.611300 0.768262
474.832900 0.710634
475.054500 0.802831
475.276100 0.746918
475.497700 0.746063
475.719300 0.721330
475.941000 0.767565
476.162600 0.794783
476.384300 0.778142
476.606000 0.765042
476.827700 0.837057
477.049400 0.757669
477.271100 0.822160
477.492800 0.864704
477.714500 0.845215
477.936300 0.821376
478.158000 0.744261
478.379800 0.805826
478.601600 0.793656
478.823400 0.835122
479.045200 0.737470
479.267000 0.833276
479.488800 0.909593
479.710700 0.762388
479.932500 0.900580
480.154400 0.876043
480.376300 0.886527
480.598200 0.870974
480.820100 0.804272
481.042000 0.905302
481.263900 0.959086
481.485900 0.859530
481.707800 0.893562
481.929800 0.909855
482.151700 0.990788
482.373700 0.788180
482.595700 0.893644
482.817700 0.944746
483.039800 0.879470
483.261800 0.941344
483.483800 0.997460
483.705900 0.953502
483.928000 1.087928
484.150100 0.948918
484.372100 1.032890
484.594300 0.888842
484.816400 0.947641
485.038500 1.026389
485.260600 0.908506
485.482800 0.997401
485.705000 1.017888
485.927100 1.003795
486.149300 0.996994
486.371500 1.012838
486.593700 1.016510
486.816000 0.993379
487.038200 1.073419
487.260500 1.006928
487.482700 0.974103
487.705000 0.982714
487.927300 1.059157
488.149600 1.066346
488.371900 0.972281
488.594200 1.071069
488.816500 1.105034
489.038900 1.064829
489.261200 1.076234
489.483600 0.918594
489.706000 1.055617
489.928400 1.061775
490.150800 1.081800
490.373200 1.025481
490.595600 1.097631
490.818000 1.114545
491.040500 1.073068
491.263000 1.094815
491.485400 1.188182
491.707900 1.008933
491.930400 1.113138
492.152900 1.083897
492.375500 1.072205
492.598000 0.978906
492.820500 1.274849
493.043100 0.983617
493.265700 1.083979
493.488200 1.055278
493.710800 1.080675
493.933400 1.097299
494.156100 1.132369
494.378700 1.091998
494.601300 1.067941
494.824000 1.139304
495.046600 1.053304
495.269300 1.069458
495.492000 1.163797
495.714700 1.018486
495.937400 1.039603
496.160100 1.138309
496.382900 1.105198
496.605600 1.069363
496.828400 1.103747
497.051100 1.262106
497.273900 1.179043
497.496700 1.151006
497.719500 1.130440
497.942300 1.052391
498.165200 1.078042
498.388000 1.113528
498.610900 1.336080
498.833700 1.046945
499.056600 1.233073
499.279500 1.098363
499.502400 1.224908
499.725300 1.128998
499.948200 1.202289
500.171200 1.374008
500.394100 1.232291
500.617100 1.217857
500.840000 1.178837
501.063000 1.050658
501.286000 1.153349
501.509000 1.109443
501.732000 1.082342
501.955100 1.100419
502.178100 1.350787
502.401200 1.042406
502.624200 1.322494
502.847300 1.061105
503.070400 1.263170
503.293500 1.208919
503.516600 1.203810
503.739700 1.068321
503.962800 1.183985
504.186000 1.152642
504.409200 1.493492
504.632300 1.255529
504.855500 1.429618
505.078700 1.232788
505.301900 1.324582
505.525100 1.310853
505.748300 1.274119
505.971600 1.034631
506.194800 1.506428
506.418100 1.246464
506.641400 1.328626
506.864700 1.110913
507.088000 1.171175
507.311300 1.089154
507.534600 1.181448
507.757900 1.129562
507.981300 1.285683
508.204600 1.232979
508.428000 1.304143
508.651400 1.142750
508.874800 1.336176
509.098200 1.194149
509.321600 1.377802
509.545000 1.175672
509.768500 1.257875
509.991900 1.178855
510.215400 1.225833
510.438800 1.076869
510.662300 1.127341
510.885800 1.259517
511.109300 1.399983
511.332900 1.335445
511.556400 1.178496
511.779900 1.353352
512.003500 1.303236
512.227000 1.146908
512.450600 1.394234
512.674200 0.989197
512.897800 1.192178
513.121400 1.629815
513.345100 1.150499
513.568700 1.055587
513.792300 1.157197
514.016000 1.069127
514.239700 1.274452
514.463400 1.206061
514.687100 1.267435
514.910800 1.315088
515.134500 1.136813
515.358200 1.143916
515.581900 1.184189
515.805700 1.006102
516.029500 1.103524
516.253200 1.137090
516.477000 1.440610
516.700800 1.339544
516.924600 0.935343
517.148500 1.091674
517.372300 1.238509
517.596100 1.342156
517.820000 1.039830
518.043900 1.163555
518.267700 1.232131
518.491600 0.992044
518.715500 1.082938
518.939500 1.009350
519.163400 1.118917
519.387300 1.195809
519.611300 1.438039
519.835200 1.123633
520.059200 1.152534
520.283200 1.057614
520.507200 1.009597
520.731200 1.038403
520.955200 0.998507
521.179200 1.222619
521.403300 1.087844
521.627300 0.999079
521.851400 0.946276
522.075500 1.084036
522.299600 1.044352
522.523700 1.011289
522.747800 1.074569
522.971900 0.902120
523.196000 0.815354
523.420200 1.125086
523.644300 0.955860
523.868500 1.102217
524.092700 0.965780
524.316900 0.991664
524.541100 1.030595
524.765300 1.236061
524.989500 0.994912
525.213800 1.034988
525.438000 1.006121
525.662300 1.253397
525.886500 0.896877
526.110800 0.975734
526.335100 0.925829
526.559400 1.005375
526.783700 1.042983
527.008100 0.953728
527.232400 0.854487
527.456800 0.893876
527.681100 0.916635
527.905500 0.907152
528.129900 0.933281
528.354300 0.809162
528.578700 1.030374
528.803100 0.918827
529.027600 0.905323
529.252000 1.054541
529.476500 0.804371
529.700900 0.867741
529.925400 0.843556
530.149900 0.981641
530.374400 0.934451
530.598900 1.069679
530.823400 0.793498
531.048000 0.731323
531.272500 0.962867
531.497100 0.886354
531.721700 0.803164
531.946200 0.829267
532.170800 0.833335
532.395400 0.918963
532.620000 0.825970
532.844700 0.827980
533.069300 0.767926
533.294000 0.868974
533.518600 0.829864
533.743300 0.790947
533.968000 0.833967
534.192700 0.738908
534.417400 0.729365
534.642100 0.868922
534.866800 0.734363
535.091600 0.816537
535.316300 0.835413
535.541100 0.797268
535.765900 0.767501
535.990700 0.733431
536.215500 0.741223
536.440300 0.822483
536.665100 0.804183
536.889900 0.721383
537.114800 0.726675
537.339600 0.753487
537.564500 0.722989
537.789400 0.782320
538.014300 0.675694
538.239200 0.754559
538.464100 0.728424
538.689000 0.669162
538.913900 0.637722
539.138900 0.701358
539.363800 0.649538
539.588800 0.703344
539.813800 0.659392
540.038800 0.687870
540.263800 0.626322
540.488800 0.695546
540.713800 0.605486
540.938900 0.607135
541.163900 0.636949
541.389000 0.575671
541.614000 0.609322
541.839100 0.597171
542.064200 0.636813
542.289300 0.600268
542.514400 0.610861
542.739600 0.624776
542.964700 0.541484
543.189900 0.574770
543.415000 0.569679
543.640200 0.567443
543.865400 0.568041
544.090600 0.554511
544.315800 0.599987
544.541000 0.554086
544.766200 0.535001
544.991500 0.574754
545.216700 0.536975
545.442000 0.533667
545.667300 0.536271
545.892600 0.539089
546.117900 0.494743
546.343200 0.472534
546.568500 0.505473
546.793800 0.493171
547.019200 0.484419
547.244500 0.491535
547.469900 0.457564
547.695300 0.494422
547.920600 0.487086
548.146000 0.491490
548.371500 0.429897
548.596900 0.476629
548.822300 0.452550
549.047800 0.442665
549.273200 0.459215
549.498700 0.470606
549.724200 0.446282
549.949600 0.401701
550.175100 0.440369
550.400700 0.377005
550.626200 0.442314
550.851700 0.459602
551.077300 0.421355
551.302800 0.428389
551.528400 0.389325
551.754000 0.424276
551.979600 0.401275
552.205200 0.399870
552.430800 0.394073
552.656400 0.406068
552.882000 0.412497
553.107700 0.407372
553.333300 0.373865
553.559000 0.372020
553.784700 0.381478
554.010400 0.397523
554.236100 0.370535
554.461800 0.362526
554.687500 0.365907
554.913200 0.389155
555.139000 0.343855
555.364800 0.342603
555.590500 0.322214
555.816300 0.366167
556.042100 0.351584
556.267900 0.325461
556.493700 0.346364
556.719500 0.334931
556.945400 0.322919
557.171200 0.329450
557.397100 0.298964
557.623000 0.322527
557.848800 0.293106
558.074700 0.279820
558.300600 0.311127
558.526600 0.262909
558.752500 0.273589
558.978400 0.303090
559.204400 0.261481
559.430300 0.285991
559.656300 0.227876
559.882300 0.317602
560.108300 0.251803
560.334300 0.286145
560.560300 0.274701
560.786300 0.296307
561.012400 0.227928
561.238400 0.250680
561.464500 0.243487
561.690500 0.256872
561.916600 0.240547
562.142700 0.220424
562.368800 0.249631
562.594900 0.239618
562.821100 0.233256
563.047200 0.231647
563.273300 0.227236
563.499500 0.218279
563.725700 0.225135
563.951900 0.195939
564.178100 0.219500
564.404300 0.227034
564.630500 0.222142
564.856700 0.212188
565.082900 0.199378
565.309200 0.219945
565.535500 0.217128
565.761700 0.194984
565.988000 0.204900
566.214300 0.183532
566.440600 0.198904
566.666900 0.206926
566.893200 0.182829
567.119600 0.188840
567.345900 0.194454
567.572300 0.195083
567.798700 0.175770
568.025000 0.175831
568.251400 0.181132
568.477800 0.176665
568.704300 0.169371
568.930700 0.154908
569.157100 0.171083
569.383600 0.163680
569.610000 0.158156
569.836500 0.152508
570.063000 0.168244
570.289500 0.165578
570.516000 0.155028
570.742500 0.162166
570.969000 0.143601
571.195600 0.154225
571.422100 0.144274
571.648700 0.150380
571.875200 0.155920
572.101800 0.141735
572.328400 0.152370
572.555000 0.137780
572.781600 0.152184
573.008200 0.144012
573.234900 0.136196
573.461500 0.130350
573.688200 0.138660
573.914900 0.140494
574.141500 0.127825
574.368200 0.133440
574.594900 0.125929
574.821600 0.132826
575.048400 0.128024
575.275100 0.133133
575.501800 0.131871
575.728600 0.120443
575.955400 0.111232
576.182100 0.129779
576.408900 0.123670
576.635700 0.116371
576.862600 0.117300
577.089400 0.112784
577.316200 0.103293
577.543100 0.114786
577.769900 0.112973
577.996800 0.104036
578.223700 0.112086
578.450500 0.100439
578.677400 0.108868
578.904400 0.099208
579.131300 0.097587
579.358200 0.093725
579.585100 0.097423
579.812100 0.095708
580.039100 0.090430
580.266000 0.084115
580.493000 0.085519
580.720000 0.092168
580.947000 0.083283
581.174100 0.090584
581.401100 0.092850
581.628100 0.085812
581.855200 0.086924
582.082200 0.087216
582.309300 0.081113
582.536400 0.080947
582.763500 0.068670
582.990600 0.073286
583.217700 0.068151
583.444900 0.068284
583.672000 0.064990
583.899100 0.067615
584.126300 0.068126
584.353500 0.069578
584.580700 0.065927
584.807900 0.073573
585.035100 0.078398
585.262300 0.076157
585.489500 0.069901
585.716700 0.071662
585.944000 0.069584
586.171300 0.061328
586.398500 0.068906
586.625800 0.056352
586.853100 0.055692
587.080400 0.063617
587.307700 0.061219
587.535000 0.057014
587.762400 0.053436
587.989700 0.051577
588.217100 0.066340
588.444500 0.064645
588.671800 0.047175
588.899200 0.058995
589.126600 0.067680
589.354000 0.062755
589.581500 0.048021
589.808900 0.049962
590.036300 0.052209
590.263800 0.051372
590.491300 0.052485
590.718700 0.036306
590.946200 0.046127
591.173700 0.056341
591.401200 0.046578
591.628800 0.052075
591.856300 0.037030
592.083800 0.055590
592.311400 0.049938
592.538900 0.042129
592.766500 0.050250
592.994100 0.049773
593.221700 0.051347
593.449300 0.049167
593.676900 0.045096
593.904600 0.051067
594.132200 0.037344
594.359800 0.037911
594.587500 0.039859
594.815200 0.045741
595.042900 0.054834
595.270500 0.042099
595.498300 0.033391
595.726000 0.040210
595.953700 0.050332
596.181400 0.041854
596.409200 0.034260
596.636900 0.050327
596.864700 0.042641
597.092500 0.053158
597.320300 0.038748
597.548100 0.036165
597.775900 0.051925
598.003700 0.036607
598.231500 0.042625
598.459400 0.049750
598.687200 0.045092
598.915100 0.053311
599.143000 0.047567
599.370900 0.049498
599.598800 0.042607
599.826700 0.032252
600.054600 0.038406
600.282500 0.038880
600.510500 0.034688
600.738400 0.030787
600.966400 0.039874
601.194400 0.029068
601.422300 0.031152
601.650300 0.033915
601.878300 0.029699
602.106400 0.040857
602.334400 0.028928
602.562400 0.024549
602.790500 0.033229
603.018500 0.032800
603.246600 0.036949
603.474700 0.031321
603.702800 0.034432
603.930900 0.036522
604.159000 0.037240
604.387100 0.035628
604.615200 0.035858
604.843400 0.033600
605.071500 0.029836
605.299700 0.019651
605.527900 0.027021
605.756100 0.023753
605.984300 0.018943
606.212500 0.021337
606.440700 0.018099
606.668900 0.011624
606.897200 0.022080
607.125400 0.025471
607.353700 0.018209
607.581900 0.024552
607.810200 0.015934
608.038500 0.019039
608.266800 0.019653
608.495100 0.013627
608.723500 -0.000039
608.951800 0.031606
609.180100 0.015298
609.408500 0.023570
609.636900 0.021643
609.865300 0.027370
610.093600 0.030326
610.322000 0.031793
610.550500 0.022990
610.778900 0.019311
611.007300 0.026596
611.235700 0.024170
611.464200 0.026764
611.692700 0.021424
611.921100 0.020482
612.149600 0.031803
612.378100 0.027185
612.606600 0.014276
612.835100 0.030028
613.063700 0.018147
613.292200 0.020356
613.520800 0.009006
613.749300 0.024001
613.977900 0.022987
614.206500 0.018079
614.435100 0.025227
614.663700 0.020380
614.892300 0.012826
615.120900 0.017832
615.349500 0.016249
615.578200 0.008837
615.806800 0.021451
616.035500 0.012779
616.264200 0.014613
616.492900 0.028914
616.721600 0.011127
616.950300 0.010957
617.179000 0.005735
617.407700 0.014833
617.636500 0.004175
617.865200 0.013095
618.094000 0.015876
618.322700 0.006703
618.551500 0.006744
618.780300 0.006524
619.009100 0.010915
619.237900 0.013740
619.466700 0.024113
619.695600 0.009698
619.924400 0.014153
620.153300 0.013581
620.382100 0.016911
620.611000 0.001617
620.839900 0.006831
621.068800 0.010901
621.297700 0.016930
621.526600 0.008772
621.755600 0.004805
621.984500 0.021537
622.213500 0.024213
622.442400 0.003268
622.671400 0.027012
622.900400 0.007952
623.129400 0.022210
623.358400 0.010921
623.587400 0.008624
623.816400 -0.003306
624.045400 0.019637
624.274500 0.023711
624.503500 0.006652
624.732600 0.004602
624.961700 0.019575
625.190800 0.003935
625.419900 -0.008664
625.649000 0.016468
625.878100 0.002266
626.107200 -0.005616
626.336400 0.004442
626.565500 0.032666
626.794700 0.020038
627.023800 -0.002381
627.253000 0.008087
627.482200 0.014969
627.711400 0.015043
627.940600 0.003927
628.169800 -0.008897
628.399100 0.000811
628.628300 0.018436
628.857600 0.005222
629.086800 0.033291
629.316100 -0.013633
629.545400 0.009949
629.774700 0.033016
630.004000 0.017828
630.233300 -0.009462
630.462600 0.002824
630.692000 0.011799
630.921300 0.025712
631.150700 0.027925
631.380100 -0.003603
631.609400 0.019584
631.838800 0.022416
632.068200 -0.005582
632.297600 0.008395
632.527100 0.000906
632.756500 0.018545
632.985900 0.018968
633.215400 0.011879
633.444800 0.022803
633.674300 0.021805
633.903800 0.007191
634.133300 0.023248
634.362800 -0.002364
634.592300 0.002862
634.821800 0.001904
635.051400 0.024531
635.280900 0.008820
635.510500 -0.016373
635.740000 0.014697
635.969600 0.004531
636.199200 -0.007201
636.428800 0.013521
636.658400 0.015725
636.888000 -0.001493
637.117700 0.008706
637.347300 0.006354
637.577000 0.021877
637.806600 0.026044
638.036300 0.008744
638.266000 0.007493
638.495700 0.025021
638.725400 0.050086
638.955100 -0.011930
639.184800 -0.006644
639.414500 0.005975
639.644300 0.002810
639.874000 -0.004231
640.103800 0.010986
640.333600 0.006663
640.563300 0.015042
640.793100 -0.006458
641.022900 0.012442
641.252800 0.009457
641.482600 0.026056
641.712400 -0.009244
641.942300 0.010615
642.172100 0.028802
642.402000 -0.001742
642.631900 0.028346
642.861700 0.004430
643.091600 0.013104
643.321600 -0.002075
643.551500 -0.014269
643.781400 0.010176
644.011300 -0.010196
644.241300 0.012919
644.471200 -0.025714
644.701200 -0.032878
644.931200 0.007818
645.161200 0.043689
645.391200 0.018534
645.621200 0.003613
645.851200 -0.024810
646.081200 0.005888
646.311300 0.006414
646.541300 0.051211
646.771400 -0.004505
647.001500 0.027793
647.231600 0.003177
647.461600 0.019916
647.691800 -0.004231
647.921900 -0.012862
648.152000 0.019993
648.382100 0.036880
648.612300 0.032902
648.842400 0.004032
649.072600 0.014102
649.302800 0.009330
649.532900 0.043807
649.763100 0.025027
649.993300 -0.012726
650.223600 0.023395
650.453800 0.018919
650.684000 0.016631
650.914300 0.001719
651.144500 0.007957
651.374800 0.011754
651.605100 0.005457
651.835400 -0.008427
652.065700 -0.021080
652.296000 -0.020510
652.526300 0.019199
652.756600 -0.010787
652.987000 0.009847
653.217300 0.019169
653.447700 0.034517
653.678000 0.008701
653.908400 -0.003086
654.138800 0.034475
654.369200 0.028842
654.599600 0.019248
654.830000 0.009945
655.060500 0.004123
655.290900 0.003444
655.521300 0.016729
655.751800 0.027359
655.982300 0.002910
656.212800 0.000974
656.443300 0.001458
656.673800 0.001232
656.904300 0.002850
657.134800 0.018802
657.365300 0.017764
657.595900 0.017369
657.826400 0.016224
658.057000 0.023504
658.287500 0.011592
658.518100 0.004467
658.748700 0.024846
658.979300 0.011713
659.209900 -0.003468
659.440600 -0.025434
659.671200 -0.041384
659.901800 -0.046507
660.132500 -0.036891
660.363200 -0.021136
660.593800 0.009705
660.824500 -0.031684
661.055200 0.040262
661.285900 -0.002030
661.516600 -0.011412
661.747400 0.023204
661.978100 0.010925
662.208800 0.008597
662.439600 0.001166
662.670400 0.025597
662.901100 0.028167
663.131900 0.058126
663.362700 0.017369
663.593500 -0.003783
663.824300 0.043303
664.055200 0.011917
664.286000 0.015933
664.516800 -0.005890
664.747700 0.028706
664.978600 -0.020191
665.209400 -0.000580
665.440300 0.046270
665.671200 0.044397
665.902100 0.033460
666.133000 0.028603
666.364000 0.012795
666.594900 0.028456
666.825900 0.025529
667.056800 0.063109
667.287800 0.007280
667.518800 0.021147
667.749700 -0.019505
667.980700 0.006459
668.211700 -0.005665
668.442800 0.047240
668.673800 0.008018
668.904800 0.016275
669.135900 0.061836
669.366900 0.000215
669.598000 -0.013233
669.829100 0.017890
670.060200 -0.040589
670.291300 -0.003298
670.522400 0.027332
670.753500 -0.022834
670.984600 0.052923
671.215700 0.000176
671.446900 0.037801
671.678100 0.016763
671.909200 0.050671
672.140400 0.028611
672.371600 0.016158
672.602800 0.007184
672.834000 0.015844
673.065200 0.020286
673.296400 0.000951
673.527700 0.009299
673.758900 -0.029458
673.990200 0.008292
674.221400 0.022757
674.452700 0.002706
674.684000 -0.016633
674.915300 0.041841
675.146600 0.018247
675.377900 -0.023193
675.609300 -0.013664
675.840600 0.019941
676.071900 0.022246
676.303300 0.035128
676.534700 -0.017108
676.766100 0.019679
676.997400 0.006678
677.228800 -0.010337
677.460200 0.000694
677.691700 -0.014629
677.923100 0.051371
678.154500 -0.013543
678.386000 0.001058
678.617400 -0.000388
678.848900 0.011172
679.080400 0.032534
679.311900 0.008617
679.543400 -0.003150
679.774900 -0.015127
680.006400 0.012320
680.237900 0.005623
680.469400 0.024800
680.701000 0.032216
680.932500 0.016329
681.164100 -0.014103
681.395700 0.009786
681.627300 -0.006951
681.858900 -0.008865
682.090500 0.012353
682.322100 -0.017313
682.553700 -0.003573
682.785400 0.018850
683.017000 0.013357
683.248700 0.011248
683.480300 0.010795
683.712000 -0.029178
683.943700 0.040431
684.175400 -0.010624
684.407100 0.003666
684.638800 0.001598
684.870500 0.019566
685.102300 0.019232
685.334000 0.009448
685.565800 0.006714
685.797500 0.007202
686.029300 -0.005171
686.261100 0.014965
686.492900 0.008394
686.724700 0.002138
686.956500 -0.017106
687.188300 -0.012860
687.420200 0.013473
687.652000 -0.004662
687.883800 -0.002038
688.115700 -0.019164
688.347600 0.007211
688.579500 0.028628
688.811400 -0.000764
689.043300 0.023645
689.275200 0.001573
689.507100 -0.002080
689.739000 0.018255
689.971000 -0.006245
690.202900 0.007819
690.434900 -0.001728
690.666900 0.003054
690.898800 0.037612
691.130800 0.014041
691.362800 0.021352
691.594800 0.005160
691.826900 -0.009924
692.058900 0.015169
692.290900 0.037895
692.523000 0.017275
692.755000 0.013001
692.987100 0.004140
693.219200 0.004925
693.451300 0.025596
693.683400 0.025186
693.915500 -0.008939
694.147600 0.009724
694.379700 0.021875
694.611900 0.004290
694.844000 0.013589
695.076200 -0.017409
695.308300 -0.004568
695.540500 -0.004369
695.772700 -0.053175
696.004900 0.019094
696.237100 0.019552
696.469300 0.003271
696.701600 -0.005943
696.933800 -0.008668
697.166000 0.013896
697.398300 0.040325
697.630600 0.030045
697.862800 0.017704
698.095100 0.042200
698.327400 0.016105
698.559700 0.005420
698.792000 -0.017431
699.024300 0.005704
699.256700 -0.004921
699.489000 -0.008747
699.721400 0.015416
699.953700 -0.001948
700.186100 0.008119
700.418500 0.009588
700.650900 0.023738
700.883300 0.014784
701.115700 0.018389
701.348100 -0.005383
701.580600 0.012327
701.813000 0.014269
702.045400 0.001933
702.277900 -0.012253
702.510400 -0.009125
702.742900 -0.003111
702.975300 -0.000229
703.207800 0.000702
703.440300 0.045355
703.672900 0.065522
703.905400 0.020022
704.137900 0.032308
704.370500 -0.025116
704.603000 -0.001204
704.835600 -0.003658
705.068200 -0.015516
705.300800 0.018153
705.533400 0.011841
705.766000 0.014164
705.998600 0.031368
706.231200 -0.003356
706.463800 0.025975
706.696500 0.021305
706.929100 0.002756
707.161800 -0.035640
707.394500 0.014195
707.627200 -0.001702
707.859900 0.026263
708.092600 0.005036
708.325300 -0.005084
708.558000 0.008442
708.790700 0.017960
709.023500 0.045575
709.256200 -0.001884
709.489000 0.002113
709.721700 -0.000544
709.954500 0.008065
710.187300 -0.030230
710.420100 0.014720
710.652900 -0.017162
710.885700 -0.017160
711.118600 0.006117
711.351400 -0.046950
711.584200 -0.010300
711.817100 -0.014770
712.050000 -0.008782
712.282800 -0.005821
712.515700 0.015350
712.748600 -0.021031
712.981500 -0.024362
713.214400 0.021711
713.447400 -0.007150
713.680300 -0.003429
713.913200 -0.021954
714.146200 -0.003312
714.379100 -0.006549
714.612100 -0.004434
714.845100 0.008537
715.078100 0.022525
715.311100 -0.031383
715.544100 0.007400
715.777100 0.026815
716.010200 0.004747
716.243200 -0.001632
716.476200 0.018842
716.709300 -0.010373
716.942400 0.015878
717.175400 -0.007883
717.408500 -0.027390
717.641600 -0.023191
717.874700 0.014429
718.107800 0.016520
718.341000 0.024649
718.574100 0.015154
718.807200 0.051969
719.040400 0.011501
719.273600 0.005648
719.506700 0.028862
719.739900 0.009652
719.973100 -0.008156
720.206300 -0.016879
720.439500 0.041528
720.672700 0.006116
720.906000 0.009708
721.139200 -0.019694
721.372500 0.012956
721.605700 0.060022
721.839000 -0.010124
722.072300 -0.001618
722.305500 -0.005147
722.538800 0.012294
722.772100 -0.004648
723.005500 -0.026125
723.238800 0.004906
723.472100 0.038071
723.705500 -0.002806
723.938800 -0.007805
724.172200 -0.019142
724.405600 -0.015004
724.638900 0.066503
724.872300 0.002761
725.105700 -0.015456
725.339100 0.020824
725.572600 0.016106
725.806000 0.003606
726.039400 -0.005103
726.272900 0.015865
726.506300 0.008450
726.739800 0.010458
726.973300 0.017966
727.206800 0.019516
727.440300 -0.007162
727.673800 -0.021758
727.907300 0.052425
728.140800 0.013207
728.374300 0.010064
728.607900 0.026784
728.841400 -0.002821
729.075000 -0.009860
729.308600 0.003214
729.542100 0.008773
729.775700 0.002403
730.009300 -0.004990
730.242900 0.002134
730.476600 0.040351
730.710200 0.029891
730.943800 0.003420
731.177500 0.011027
731.411100 0.019744
731.644800 0.018934
731.878500 -0.012065
732.112200 0.008244
732.345800 0.020715
732.579500 0.007355
732.813300 0.012386
733.047000 0.010741
733.280700 0.024337
733.514500 -0.000277
733.748200 0.004639
733.982000 -0.001405
734.215700 -0.013975
734.449500 0.017730
734.683300 0.024050
734.917100 0.013014
735.150900 -0.008625
735.384700 0.008311
735.618500 0.012920
735.852400 0.006812
736.086200 0.013649
736.320100 -0.001339
736.553900 0.026599
736.787800 0.007271
737.021700 0.006656
737.255600 0.000716
737.489500 -0.013800
737.723400 0.011839
737.957300 -0.011637
738.191200 -0.025631
738.425200 0.007160
738.659100 0.031164
738.893100 -0.026838
739.127100 0.014254
739.361000 0.003906
739.595000 0.028381
739.829000 -0.011743
740.063000 -0.021003
740.297000 0.005085
740.531000 -0.007142
740.765100 -0.021910
740.999100 0.034214
741.233200 0.030771
741.467200 0.034586
741.701300 -0.018665
741.935400 0.015794
742.169500 0.008022
742.403600 -0.016519
742.637700 0.017023
742.871800 -0.004149
743.105900 -0.007028
743.340000 -0.000976
743.574200 -0.003294
743.808300 0.006913
744.042500 -0.005248
744.276700 0.026368
744.510800 0.008726
744.745000 0.000997
744.979200 0.025048
745.213400 0.022727
745.447700 0.025966
745.681900 0.000772
745.916100 0.063951
746.150400 0.015053
746.384600 0.026763
746.618900 -0.025964
746.853200 0.022038
747.087400 0.006500
747.321700 0.012025
747.556000 -0.011488
747.790300 0.014971
748.024700 -0.008515
748.259000 0.022340
748.493300 0.000711
748.727700 0.003458
748.962000 -0.003856
749.196400 -0.012199
749.430800 0.007977
749.665200 -0.039330
749.899500 0.000366
750.133900 -0.010975
750.368400 0.024941
750.602800 0.015442
750.837200 -0.016617
751.071700 0.011233
751.306100 0.021690
751.540600 0.013008
751.775000 0.017637
752.009500 -0.003763
752.244000 0.005448
752.478500 0.003627
752.713000 0.021561
752.947500 0.002709
753.182000 0.014564
753.416600 0.001324
753.651100 0.018956
753.885600 0.030014
754.120200 0.005703
754.354800 -0.000494
754.589400 -0.004019
754.823900 -0.000387
755.058500 0.004564
755.293100 0.004271
755.527800 0.010003
755.762400 -0.005006
755.997000 0.019488
756.231700 0.021530
756.466300 0.014214
756.701000 0.008990
756.935600 0.002017
757.170300 0.028338
757.405000 0.033890
757.639700 0.025792
757.874400 0.010322
758.109100 0.032763
758.343800 0.010825
758.578600 0.013802
758.813300 0.024231
759.048100 0.005919
759.282800 0.008964
759.517600 -0.006110
759.752400 0.000732
759.987200 -0.004697
760.222000 0.014767
760.456800 0.015724
760.691600 0.023087
760.926400 0.022996
761.161300 0.005976
761.396100 0.006170
761.631000 0.019681
761.865800 0.055535
762.100700 0.025975
762.335600 0.015767
762.570500 -0.006474
762.805400 -0.016648
763.040300 0.005055
763.275200 0.015046
763.510100 0.014474
763.745000 0.025857
763.980000 0.028131
764.214900 -0.003849
764.449900 0.008450
764.684900 0.022843
764.919800 -0.008432
765.154800 -0.003560
765.389800 0.012538
765.624800 0.021259
765.859900 0.008417
766.094900 0.006420
766.329900 0.005511
766.565000 0.041081
766.800000 -0.010149
767.035100 -0.002433
767.270100 0.002988
767.505200 0.013634
767.740300 -0.008787
767.975400 -0.003963
768.210500 0.009992
768.445600 -0.001513
768.680800 0.009762
768.915900 0.021723
769.151000 0.015025
769.386200 0.031388
769.621400 -0.010904
769.856500 0.006338
770.091700 0.012001
770.326900 0.009900
770.562100 -0.007025
770.797300 0.014341
771.032500 -0.007030
771.267700 0.004334
771.503000 0.014488
771.738200 0.039290
771.973500 -0.003449
772.208700 0.009328
772.444000 0.012733
772.679300 0.004398
772.914600 0.002069
773.149900 -0.005310
773.385200 -0.000506
773.620500 0.005846
773.855800 0.010502
774.091100 0.007399
774.326500 0.017288
774.561800 0.005209
774.797200 0.047845
775.032600 0.055201
775.267900 -0.012459
775.503300 -0.024388
775.738700 0.008754
775.974100 0.019975
776.209500 -0.021399
776.445000 0.013965
776.680400 0.037604
776.915800 0.057099
777.151300 0.010968
777.386800 -0.010085
777.622200 -0.008656
777.857700 -0.036093
778.093200 0.025905
778.328700 -0.001998
778.564200 0.010955
778.799700 0.024922
779.035200 -0.005858
779.270700 -0.020440
779.506300 -0.014221
779.741800 -0.023392
779.977400 -0.018990
780.213000 0.014703
780.448500 -0.017408
780.684100 -0.018431
780.919700 -0.009984
781.155300 0.013648
781.390900 0.026963
781.626500 0.017388
781.862200 0.019215
782.097800 0.044454
782.333500 0.015164
782.569100 0.004141
782.804800 0.003612
783.040500 0.000286
783.276100 0.006283
783.511800 0.022715
783.747500 0.003801
783.983200 0.007212
784.219000 0.001941
784.454700 0.027648
784.690400 0.059148
784.926200 0.021314
785.161900 0.007279
785.397700 0.004154
785.633500 -0.007980
785.869200 0.000867
786.105000 0.030368
786.340800 0.011653
786.576600 0.036481
786.812400 0.034075
787.048300 -0.006438
787.284100 0.029663
787.519900 -0.004243
787.755800 0.022882
787.991700 0.000965
788.227500 -0.027629
788.463400 -0.003220
788.699300 -0.026166
788.935200 0.015389
789.171100 0.016535
789.407000 -0.003856
789.642900 -0.011669
789.878900 0.023826
790.114800 -0.003416
790.350700 -0.000567
790.586700 0.011404
790.822700 -0.000403
791.058600 -0.006918
791.294600 0.002381
791.530600 0.001519
791.766600 0.036284
792.002600 0.030883
792.238700 -0.015534
792.474700 0.045227
792.710700 -0.007390
792.946800 -0.010273
793.182800 -0.013697
793.418900 -0.013347
793.655000 0.010525
793.891000 0.010797
794.127100 0.040734
794.363200 0.022553
794.599300 0.007789
794.835500 0.014268
795.071600 0.030247
795.307700 0.012128
795.543900 0.020702
795.780000 0.001434
796.016200 0.018712
796.252300 0.003482
796.488500 0.025166
796.724700 0.022169
796.960900 0.030047
797.197100 0.001253
797.433300 -0.049421
797.669500 0.036031
797.905800 0.008099
798.142000 0.010405
798.378300 0.014630
798.614500 -0.001207
798.850800 0.026647
799.087100 0.009625
799.323300 0.071185
799.559600 0.005168
799.795900 0.021260
800.032200 0.026061
800.268600 -0.018744
800.504900 0.017585
800.741200 0.004354
800.977600 0.030361
801.213900 0.005829
801.450300 0.021337
801.686700 0.036099
801.923000 -0.012257
802.159400 0.015877
802.395800 0.016316
802.632200 0.067112
802.868600 -0.012300
803.105100 -0.002895
803.341500 0.004987
803.577900 0.030662
803.814400 -0.026381
804.050800 -0.000372
804.287300 0.093311
804.523800 0.024207
804.760300 0.006461
804.996800 -0.031080
805.233300 0.008740
805.469800 0.041999
805.706300 0.044991
805.942800 0.022582
806.179400 -0.024433
806.415900 -0.021345
806.652500 0.003152
806.889000 0.046506
807.125600 0.028890
807.362200 -0.017132
807.598800 0.028895
807.835400 0.015100
808.072000 0.000826
808.308600 0.036129
808.545200 0.005160
808.781800 -0.014246
809.018500 0.059285
809.255100 0.017344
809.491800 -0.022719
809.728400 0.011815
809.965100 0.011954
810.201800 0.014593
810.438500 -0.073373
810.675200 -0.007793
810.911900 0.031608
811.148600 0.012615
811.385300 -0.010365
811.622100 0.018091
811.858800 0.012540
812.095600 -0.049990
812.332300 -0.012523
812.569100 -0.030557
812.805900 -0.022703
813.042700 0.020672
813.279500 0.009302
813.516300 0.002966
813.753100 0.028387
813.989900 0.048369
814.226700 0.037329
814.463600 -0.004467
814.700400 0.032651
814.937300 0.010254
815.174200 -0.001197
815.411000 0.010306
815.647900 -0.040939
815.884800 0.042289
816.121700 0.010359
816.358600 -0.027574
816.595500 -0.009534
816.832400 0.024422
817.069400 0.011668
817.306300 0.020131
817.543300 0.009371
817.780200 0.033395
818.017200 0.033613
818.254200 0.026029
818.491200 -0.019902
818.728200 0.034074
818.965200 0.027707
819.202200 0.030307
819.439200 0.028022
819.676200 -0.011474
819.913300 -0.030480
820.150300 -0.052118
820.387400 0.046378
820.624400 0.085154
820.861500 0.024591
821.098600 -0.003997
821.335700 0.088176
821.572700 0.008657
821.809900 0.002452
822.047000 0.002354
822.284100 0.047199
822.521200 0.042707
822.758400 0.071434
822.995500 0.033472
823.232700 0.014635
823.469800 0.013939
823.707000 -0.035117
823.944200 0.069377
824.181400 0.048667
824.418600 0.003331
824.655800 0.015716
824.893000 0.062394
825.130200 -0.034974
825.367500 -0.020834
825.604700 0.005302
825.841900 0.022000
826.079200 0.022090
826.316500 0.037437
826.553700 -0.011474
826.791000 -0.004303
827.028300 0.010258
827.265600 0.075274
827.502900 0.023168
827.740200 0.025531
827.977600 0.015071
828.214900 0.024042
828.452200 0.017750
828.689600 -0.009883
828.927000 0.054233
829.164300 -0.039975
829.401700 -0.020121
829.639100 0.037646
829.876500 -0.022113
830.113900 0.011687
830.351300 0.022849
830.588700 0.035752
830.826100 0.013621
831.063600 0.001191
831.301000 0.022616
831.538500 0.020206
831.775900 0.000147
832.013400 0.019672
832.250900 -0.010152
832.488400 0.068227
832.725900 0.029703
832.963400 0.044878
833.200900 0.053674
833.438400 0.007503
833.675900 0.053085
833.913500 0.029778
834.151000 0.102220
834.388600 0.043270
834.626100 -0.045396
834.863700 0.057454
835.101300 0.011847
835.338900 0.009897
835.576500 -0.008335
835.814100 -0.048292
836.051700 -0.049993
836.289300 0.109017
836.526900 -0.031766
836.764600 0.071487
837.002200 0.092633
837.239900 0.030597
837.477500 -0.009332
837.715200 -0.010623
837.952900 0.044173
838.190600 -0.014810
838.428300 -0.040105
838.666000 0.055747
838.903700 0.010327
839.141400 0.202440
839.379100 -0.004827
839.616900 0.011859
839.854600 -0.008910
840.092400 0.029230
840.330200 0.024964
840.567900 0.081404
840.805700 0.104190
841.043500 0.076601
841.281300 -0.066585
841.519100 -0.043243
841.756900 0.026285
841.994700 -0.084469
842.232600 0.048720
842.470400 0.115407
842.708200 -0.043411
842.946100 0.040339
843.184000 -0.200769
843.421800 -0.069807
843.659700 0.027226
843.897600 0.044393
844.135500 0.110263
844.373400 0.025554
844.611300 0.058383
844.849200 -0.006941
845.087200 -0.011484
845.325100 0.015096
845.563100 0.010241
845.801000 0.150400
846.039000 0.001028
846.277000 -0.028199
846.514900 -0.033660
846.752900 -0.151060
846.990900 -0.080958
847.228900 -0.024491
847.466900 0.163573
847.705000 0.084863
847.943000 -0.005154
848.181000 0.047229
848.419100 0.162105
848.657100 0.001344
848.895200 -0.103855
849.133300 0.019091
849.371300 0.036603
849.609400 -0.017076
849.847500 0.002124
850.085600 0.166579
850.323700 0.275620
850.561900 0.088122
850.800000 0.022113
851.038100 0.157613
851.276300 -0.002634
851.514400 -0.026982
851.752600 0.135274
851.990800 0.084143
852.228900 -0.032399
852.467100 0.012567
852.705300 -0.016211
852.943500 -0.010603
853.181700 0.025331
853.420000 -0.036462
853.658200 0.031919
853.896400 0.079258
854.134700 0.028076
854.372900 -0.012168
854.611200 0.025034
854.849500 0.065408
855.087700 0.020985
855.326000 0.050001
855.564300 0.077599
855.802600 0.078275
856.040900 0.013643
856.279200 0.081585
856.517600 0.049303
856.755900 -0.034221
856.994200 -0.032695
857.232600 -0.002376
857.471000 0.033170
857.709300 -0.027178
857.947700 -0.060509
858.186100 0.081880
858.424500 -0.002287
858.662900 0.030013
858.901300 0.063574
859.139700 -0.001799
859.378100 -0.009784
859.616600 -0.023502
859.855000 0.021470
860.093500 -0.031695
860.331900 -0.036982
860.570400 0.024369
860.808900 0.048974
861.047300 -0.037854
861.285800 0.000904
861.524300 0.055897
861.762800 0.072429
862.001300 0.047578
862.239900 0.030973
862.478400 -0.032918
862.716900 -0.120965
862.955500 -0.066105
863.194000 -0.020366
863.432600 -0.026518
863.671200 0.069024
863.909800 0.032503
864.148300 -0.132651
864.386900 -0.037578
864.625500 0.002213
864.864200 0.041597
865.102800 0.033238
865.341400 -0.058466
865.580000 0.078498
865.818700 0.080771
866.057300 0.199695
866.296000 0.039999
866.534700 0.096601
866.773300 -0.066968
867.012000 0.087355
867.250700 0.047184
867.489400 -0.066433
867.728100 0.022581
867.966900 0.103212
868.205600 -0.000417
868.444300 -0.011635
868.683100 -0.040115
868.921800 0.060175
869.160600 0.037963
869.399300 0.140258
869.638100 0.057378
869.876900 -0.027728
870.115700 0.016075
870.354500 -0.029850
870.593300 -0.034546
870.832100 -0.011700
871.070900 0.054823
871.309700 0.005668
871.548600 0.130622
871.787400 -0.019883
872.026300 0.066625
872.265100 -0.059358
872.504000 0.156472
872.742900 0.059725
872.981800 0.078243
873.220700 -0.081481
873.459600 0.066660
873.698500 0.062752
873.937400 -0.003716
874.176300 0.027527
874.415300 0.152502
874.654200 0.120752
874.893200 -0.090507
875.132100 -0.028885
875.371100 -0.022517
875.610100 0.037102
875.849100 -0.032217
876.088000 0.036998
876.327000 -0.006938
876.566100 -0.035922
876.805100 0.004304
877.044100 0.050561
877.283100 0.062813
877.522200 -0.136560
877.761200 0.021737
878.000300 0.078926
878.239300 0.024142
878.478400 -0.036682
878.717500 -0.021260
878.956600 0.120976
879.195700 0.054295
879.434800 0.119981
879.673900 0.012676
879.913000 0.010252
880.152100 0.146756
880.391300 0.005439
880.630400 0.033750
880.869600 0.016573
881.108700 -0.085620
881.347900 -0.019754
881.587100 -0.041641
881.826200 0.000235
882.065400 0.049835
882.304600 -0.086458
882.543800 0.033250
882.783100 0.072421
883.022300 0.039117
883.261500 0.051953
883.500700 0.037150
883.740000 -0.064387
883.979200 0.053727
884.218500 0.031238
884.457800 0.057666
884.697100 -0.044088
884.936300 0.020175
885.175600 -0.027707
885.414900 0.121466
885.654200 0.057983
885.893600 0.020610
886.132900 -0.038371
886.372200 -0.007835
886.611600 -0.068040
886.850900 0.080499
887.090300 0.140589
887.329600 0.004625
887.569000 -0.042690
887.808400 -0.001968
888.047800 -0.016419
888.287200 -0.017726
888.526600 0.146417
888.766000 -0.021281
889.005400 0.074021
889.244800 0.034194
889.484300 -0.012339
889.723700 0.126864
889.963200 -0.010547
890.202600 0.009701
890.442100 -0.045933
890.681600 -0.075465
890.921100 -0.088254
891.160600 0.102632
891.400100 -0.042226
891.639600 0.052794
891.879100 0.138923
892.118600 -0.014139
892.358100 -0.070032
892.597700 -0.004193
892.837200 0.092074
893.076800 0.060226
893.316300 0.047820
893.555900 0.221402
893.795500 0.112936
894.035100 -0.046724
894.274700 -0.012772
894.514300 0.147730
894.753900 -0.041807
894.993500 0.055912
895.233100 -0.103222
895.472700 0.087539
895.712400 0.046804
895.952000 -0.002146
896.191700 0.092555
896.431400 -0.065143
896.671000 0.100129
896.910700 0.021855
897.150400 0.001449
897.390100 -0.048999
897.629800 0.181407
897.869500 -0.105878
898.109200 0.144629
898.348900 0.090589
898.588700 0.017838
898.828400 0.035133
899.068200 0.031370
899.307900 -0.077003
899.547700 0.158923
899.787500 0.031696
900.027200 -0.165187
900.267000 0.039075
900.506800 0.101137
900.746600 0.016407
900.986400 0.110190
901.226300 0.037318
901.466100 -0.028425
901.705900 0.209017
901.945800 -0.047578
902.185600 -0.085442
902.425500 -0.166675
902.665400 -0.058718
902.905200 -0.031621
903.145100 -0.080556
903.385000 0.013796
903.624900 0.151421
903.864800 0.014293
904.104700 0.002339
904.344600 0.005815
904.584600 -0.092435
904.824500 0.119826
905.064400 0.035215
905.304400 0.109817
905.544400 -0.068694
905.784300 0.009478
906.024300 -0.042455
906.264300 -0.066515
906.504300 0.033360
906.744300 0.177590
906.984300 -0.043158
907.224300 0.052002
907.464300 -0.031265
907.704300 -0.075134
907.944400 -0.010105
908.184400 0.100418
908.424500 -0.062564
908.664500 -0.141147
908.904600 -0.051947
909.144700 0.116356
909.384700 0.001746
909.624800 -0.073887
909.864900 -0.026341
910.105000 0.051197
910.345200 -0.242232
910.585300 0.088256
910.825400 0.005655
911.065500 0.074870
911.305700 0.025234
911.545800 0.309307
911.786000 -0.115374
912.026200 -0.032502
912.266300 0.108851
912.506500 0.131183
912.746700 0.057068
912.986900 -0.051687
913.227100 -0.047175
913.467300 0.186214
913.707500 -0.026255
913.947800 0.085992
914.188000 0.155086
914.428300 0.045981
914.668500 0.118384
914.908800 -0.021245
915.149000 -0.008471
915.389300 0.091829
915.629600 0.049564
915.869900 0.096037
916.110200 -0.007828
916.350500 0.044565
916.590800 0.004463
916.831100 0.133436
917.071400 0.087789
917.311800 0.094859
917.552100 0.008641
917.792500 -0.028393
918.032800 0.000546
918.273200 0.103394
918.513600 0.143860
918.753900 -0.011377
918.994300 0.003418
919.234700 0.101348
919.475100 0.011665
919.715500 -0.078004
919.956000 0.116920
920.196400 0.101696
920.436800 -0.011893
920.677300 -0.024934
920.917700 0.021850
921.158200 0.034037
921.398600 0.134688
921.639100 0.195633
921.879600 -0.056881
922.120100 -0.017977
922.360600 0.203268
922.601100 0.087961
922.841600 0.369959
923.082100 -0.160579
923.322600 -0.048453
923.563100 -0.037969
923.803700 0.047602
924.044200 0.095990
924.284800 0.400440
924.525400 -0.007704
924.765900 0.081358
925.006500 0.034554
925.247100 0.273490
925.487700 0.019508
925.728300 0.256169
925.968900 0.002932
926.209500 0.052032
926.450100 0.062035
926.690800 0.462086
926.931400 -0.193201
927.172000 0.109870
927.412700 0.496519
927.653300 0.042730
927.894000 -0.043102
928.134700 0.102544
928.375400 0.248802
928.616100 0.256579
928.856800 0.016491
929.097500 0.055226
929.338200 0.352733
929.578900 0.016921
929.819600 -0.168723
930.060400 -0.059591
930.301100 -0.022924
930.541900 0.014573
930.782600 0.072627
931.023400 -0.151723
931.264200 0.372017
931.504900 0.417903
931.745700 1.031166
931.986500 -0.125555
932.227300 -0.002313
932.468100 0.536191
932.708900 0.090777
932.949800 -0.013483
933.190600 0.032401
933.431400 0.583168
933.672300 -0.149943
933.913100 -0.015407
934.154000 -0.090609
934.394900 0.154455
934.635800 0.029300
934.876600 -0.013900
935.117500 0.184930
935.358400 0.047647
935.599300 -0.064513
935.840300 -0.123609
936.081200 0.060987
936.322100 -0.436655
936.563000 0.359367
936.804000 0.008459
937.044900 0.559834
937.285900 0.188796
937.526900 0.270430
937.767800 0.305370
938.008800 0.017989
938.249800 0.499256
938.490800 -0.029310
938.731800 0.286196
938.972800 0.466002
939.213800 0.111932
939.454900 0.098191
939.695900 0.487495
939.936900 0.095914
940.178000 0.365437
940.419000 -0.130263
940.660100 0.404556
940.901200 0.246323
941.142200 -0.149895
941.383300 0.243038
941.624400 -0.046369
941.865500 0.032991
942.106600 0.231429
942.347700 0.045926
942.588900 -0.029996
942.830000 -0.253373
943.071100 0.219906
943.312300 0.103028
943.553400 0.143229
943.794600 0.006814
944.035700 0.423460
944.276900 0.119201
944.518100 0.145793
944.759300 0.690073
945.000500 -0.478627
945.241700 0.342227
945.482900 0.370223
945.724100 3.472903
945.965300 -0.131578
946.206600 -0.277716
946.447800 0.309750
946.689100 -0.035774
946.930300 -0.615002
947.171600 -0.090623
947.412800 0.317736
947.654100 0.052260
947.895400 0.326577
948.136700 0.391321
948.378000 -0.470549
948.619300 -0.000240
948.860600 3.265290
949.101900 0.022235
949.343300 0.185319
949.584600 0.236917
949.825900 0.609284
950.067300 0.423733
950.308600 0.885986
950.550000 0.294008
950.791400 -0.696593
951.032700 -0.325918
951.274100 0.387837
951.515500 0.115508
951.756900 -0.233884
951.998300 3.245019
952.239800 0.511829
952.481200 -0.204893
952.722600 2.975891
952.964000 0.025616
953.205500 0.222032
953.446900 0.196803
953.688400 -0.066704
953.929900 0.445530
954.171300 -1.502381
954.412800 -0.202592
954.654300 3.226342
954.895800 -0.191554
955.137300 -0.509171
955.378800 -0.044009
955.620300 0.887926
955.861800 -0.165158
956.103400 -0.043340
956.344900 -0.156989
956.586500 -0.068494
956.828000 0.124180
957.069600 -0.277911
957.311100 2.872156
957.552700 0.367859
957.794300 -0.064661
958.035900 -0.268459
958.277500 -0.296148
958.519100 0.312225
958.760700 -0.167734
959.002300 -0.181124
959.243900 -0.132250
959.485600 -0.190010
959.727200 0.527005
959.968800 0.182158
960.210500 -0.182069
960.452200 0.218519
960.693800 0.647236
960.935500 -2.318063
961.177200 0.116109
961.418900 -0.146128
961.660600 3.042576
961.902300 -0.012315
962.144000 -0.537030
962.385700 -0.364252
962.627400 -0.007593
962.869200 2.719331
963.110900 0.685828
963.352700 -0.231408
963.594400 0.513805
963.836200 -0.187391
964.077900 0.038513
964.319700 3.145818
964.561500 -0.153857
964.803300 3.139249
965.045100 0.346078
965.286900 0.148238
965.528700 -0.373846
965.770500 -0.030634
966.012300 -0.194646
966.254200 2.791691
966.496000 -0.584272
966.737900 0.711282
966.979700 0.162119
967.221600 -0.364873
967.463400 0.253983
967.705300 -0.149176
967.947200 -0.413494
968.189100 -0.303036
968.431000 0.212507
968.672900 3.067443
968.914800 -0.150791
969.156700 0.736475
969.398700 2.896526
969.640600 -0.810248
969.882500 0.067005
970.124500 -0.360319
970.366400 0.284719
970.608400 1.264818
970.850400 -0.678339
971.092300 2.890421
971.334300 -0.202507
971.576300 -0.517153
971.818300 0.626459
972.060300 3.062958
972.302300 1.684016
972.544300 2.745075
972.786400 0.023912
973.028400 0.683079
973.270400 0.105423
973.512500 3.082426
973.754500 0.858175
973.996600 0.444529
974.238700 3.228913
974.480700 2.853698
974.722800 3.171434
974.964900 0.259855
975.207000 3.215373
975.449100 -0.791233
975.691200 0.024869
975.933300 2.853698
976.175500 0.000000
976.417600 3.051153
976.659700 -0.040086
976.901900 0.208022
977.144000 0.236399
977.386200 -0.679317
977.628300 0.427965
977.870500 3.139249
978.112700 -0.089586
978.354900 0.022391
978.597100 0.148522
978.839300 0.470429
979.081500 0.301697
979.323700 -3.115943
979.565900 -0.312649
979.808200 0.495912
980.050400 3.226342
980.292600 0.484854
980.534900 0.349136
980.777100 -0.107905
981.019400 0.176475
981.261700 3.201124
981.504000 0.127735
981.746200 1.845098
981.988500 0.146971
982.230800 0.006160
982.473100 0.062878
982.715500 0.481614
982.957800 0.014723
983.200100 2.990339
983.442400 -0.384536
983.684800 -0.337063
983.927100 -0.239269
984.169500 0.321726
984.411800 -0.119469
984.654200 0.602060
984.896600 0.924423
985.139000 -1.505948
985.381400 -0.053679
985.623800 0.404429
985.866200 1.154473
986.108600 -2.432969
986.351000 0.210809
986.593400 -0.082345
986.835800 3.142702
987.078300 -0.000902
987.320700 0.037970
987.563200 2.700704
987.805600 -0.425760
988.048100 3.189209
988.290600 -0.008955
988.533100 -2.701568
988.775600 -0.050142
989.018000 0.378881
989.260500 1.495295
989.503100 -2.866287
989.745600 -0.800944
989.988100 -2.902547
990.230600 3.097604
990.473200 0.000000
990.715700 0.244420
990.958200 2.523746
991.200800 0.062028
991.443400 -2.397940
991.685900 2.710117
991.928500 -2.924796
992.171100 -1.174076
992.413700 3.125806
992.656300 0.082486
992.898900 2.866287
993.141500 0.092581
993.384100 1.113118
993.626700 0.517430
993.869400 -0.053159
994.112000 -0.471887
994.354700 -0.044807
994.597300 -0.017469
994.840000 -2.736397
995.082600 -0.735631
995.325300 2.269513
995.568000 -0.231148
995.810700 -0.144737
996.053400 0.370743
996.296100 -0.063610
996.538800 0.012369
996.781500 0.469573
997.024200 -0.040687
997.267000 2.791691
997.509700 0.107493
997.752400 2.768638
997.995200 0.349585
998.237900 1.446295
998.480700 2.890421
998.723500 -2.599883
998.966200 -0.130547
999.209000 0.000000
999.451800 1.748619
999.694600 3.025715
999.937400 -0.837880
1000.180200 -0.354826
1000.423000 0.943041
1000.665900 0.357720
1000.908700 -0.203684
1001.151500 2.727541
1001.394400 -0.318634
1001.637200 0.164643
1001.880100 0.778151
1002.123000 0.176405
1002.365800 2.599883
1002.608700 -0.411442
1002.851600 0.336943
1003.094500 3.086360
1003.337400 -0.358857
1003.580300 0.000000
1003.823200 2.414973
1004.066100 -0.010208
1004.309100 -0.159765
1004.552000 0.458372
1004.794900 0.487737
1005.037900 0.204572
1005.280800 0.797580
1005.523800 -0.032083
1005.766700 0.064572
1006.009700 0.025259
1006.252700 -2.995196
1006.495700 0.262685
1006.738700 0.000000
1006.981700 0.308717
1007.224700 0.335149
1007.467700 2.008600
1007.710700 2.610660
1007.953800 1.367977
1008.196800 2.736397
1008.439800 3.195346
1008.682900 2.691965
1008.925900 3.097604
1009.169000 -0.258786
1009.412100 -3.155943
1009.655100 -0.977275
1009.898200 -0.047716
1010.141300 2.432969
1010.384400 3.012837
1010.627500 2.550228
1010.870600 -0.102865
1011.113700 3.086360
1011.356800 -0.104595
1011.600000 -0.985277
1011.843100 0.228704
1012.086300 -2.576341
1012.329400 -0.445928
1012.572600 0.000000
1012.815700 2.783904
1013.058900 -2.432969
1013.302100 0.320844
1013.545200 -0.015404
1013.788400 0.241939
1014.031600 0.000000
1014.274800 3.075182
1014.518000 3.161967
1014.761300 3.177536
1015.004500 0.000000
1015.247700 0.155899
1015.490900 -2.217484
1015.734200 0.116929
1015.977400 -0.303334
1016.220700 -2.719331
1016.464000 -0.345568
1016.707200 -0.831684
1016.950500 2.378398
1017.193800 -0.005865
1017.437100 -0.340254
1017.680400 -0.257363
1017.923700 0.176551
1018.167000 0.145009
1018.410300 -0.577701
1018.653600 0.060116
1018.896900 3.021603
1019.140300 0.430312
1019.383600 2.662758
1019.627000 -0.331997
1019.870300 -0.636020
1020.113700 3.183555
1020.357100 2.575188
1020.600400 2.853698
1020.843800 3.090258
1021.087200 3.287130
1021.330600 0.000000
1021.574000 3.070776
1021.817400 0.000000
1022.060800 0.000000
1022.304200 0.000000
1022.547700 2.902003
1022.791100 2.432969
1023.034500 2.812913
