# Wavelength	Absorbance
197.780200 2.878522
197.984200 -0.129876
198.188200 0.216977
198.392200 0.532926
198.596300 -0.284601
198.800300 -0.141329
199.004400 0.121980
199.208500 -0.342691
199.412600 -0.437878
199.616800 -0.269187
199.820900 -0.268616
200.025100 0.525764
200.229200 2.463893
200.433400 3.008600
200.637600 0.665894
200.841800 -0.020723
201.046100 -0.258572
201.250300 0.242335
201.454600 0.560976
201.658900 0.531325
201.863100 0.334841
202.067400 -0.005990
202.271800 0.064794
202.476100 0.019731
202.680500 2.827369
202.884800 0.901277
203.089200 -0.237677
203.293600 2.745075
203.498000 -0.041441
203.702400 -0.342968
203.906900 -0.587501
204.111300 -3.214579
204.315800 0.418724
204.520300 0.016853
204.724800 0.196776
204.929300 -0.537288
205.133800 -0.054522
205.338400 2.820201
205.543000 1.175799
205.747500 -0.142631
205.952100 -0.219880
206.156700 -0.011476
206.361400 -2.888741
206.566000 -0.767204
206.770600 0.139225
206.975300 2.294466
207.180000 -2.129414
207.384700 -0.312656
207.589400 -3.154728
207.794100 2.480007
207.998900 -0.229656
208.203600 0.229563
208.408400 -0.306339
208.613200 0.510571
208.818000 -0.427181
209.022800 -0.283997
209.227600 -0.102524
209.432500 -0.056782
209.637300 2.752816
209.842200 2.294466
210.047100 0.407716
210.252000 2.053078
210.456900 0.304604
210.661800 0.100654
210.866800 3.104828
211.071800 0.192797
211.276700 -0.121029
211.481700 0.587177
211.686700 -0.267910
211.891800 2.480007
212.096800 0.266222
212.301800 2.890421
212.506900 0.255058
212.712000 0.183917
212.917100 -0.010195
213.122200 1.720159
213.327300 0.135602
213.532500 0.000000
213.737600 -0.142973
213.942800 -1.124551
214.148000 -0.453847
214.353200 0.000000
214.558400 2.956168
214.763600 0.342564
214.968900 2.896526
215.174100 -0.023912
215.379400 -1.748188
215.584700 -0.004914
215.790000 0.271094
215.995300 2.820201
216.200700 -0.094187
216.406000 -0.370303
216.611400 -0.441267
216.816800 -0.287775
217.022200 -0.464114
217.227600 0.734177
217.433000 -0.591841
217.638400 -0.038016
217.843900 0.952516
218.049400 0.000000
218.254800 0.043866
218.460300 3.008600
218.665900 0.924223
218.871400 1.348027
219.076900 0.089972
219.282500 0.469585
219.488100 -0.358754
219.693600 -0.253921
219.899200 0.146081
220.104900 0.356408
220.310500 -0.268149
220.516100 -3.135133
220.721800 0.075582
220.927500 -0.043466
221.133200 -0.168035
221.338900 -0.283822
221.544600 0.327127
221.750300 -0.008176
221.956100 -0.388595
222.161800 -0.870522
222.367600 2.913284
222.573400 -0.434279
222.779200 -2.943989
222.985000 0.000000
223.190900 3.017451
223.396700 -0.381422
223.602600 -0.301030
223.808500 -0.500141
224.014400 -0.338032
224.220300 0.544572
224.426200 0.059415
224.632200 2.727541
224.838100 -0.276896
225.044100 -0.358358
225.250100 -0.350139
225.456100 2.653213
225.662100 2.632457
225.868100 -0.552323
226.074200 -0.495942
226.280200 -3.062206
226.486300 -0.356350
226.692400 0.000000
226.898500 1.105768
227.104600 0.145247
227.310700 3.111934
227.516900 0.037210
227.723000 2.089905
227.929200 1.257218
228.135400 -0.017904
228.341600 2.622214
228.547800 0.428799
228.754100 0.512529
228.960300 -0.816693
229.166600 -3.214579
229.372900 -0.333847
229.579100 -0.665258
229.785500 0.092721
229.991800 -2.019413
230.198100 -0.622991
230.404500 -0.817968
230.610800 0.139380
230.817200 0.000000
231.023600 -0.318557
231.230000 -0.168823
231.436400 -0.114883
231.642900 2.718502
231.849300 -0.394135
232.055800 -0.993998
232.262300 0.125395
232.468800 -0.393141
232.675300 0.181740
232.881800 -0.288858
233.088400 -0.239002
233.294900 -0.288621
233.501500 2.902003
233.708100 0.000000
233.914700 0.358781
234.121300 0.000000
234.327900 0.204992
234.534600 0.042659
234.741300 0.606243
234.947900 0.587177
235.154600 0.360095
235.361300 0.602716
235.568000 -0.354196
235.774800 0.142930
235.981500 2.562293
236.188300 -3.011570
236.395100 -0.142198
236.601800 -2.716838
236.808700 0.651316
237.015500 2.961421
237.222300 2.853698
237.429200 3.265290
237.636000 0.447473
237.842900 1.851258
238.049800 0.029814
238.256700 -0.416825
238.463600 1.315145
238.670600 2.970812
238.877500 0.141605
239.084500 -3.191730
239.291500 0.292855
239.498500 -0.349984
239.705500 -0.587762
239.912500 -1.499098
240.119500 -0.829632
240.326600 -0.784180
240.533700 -2.876795
240.740700 -0.077794
240.947800 -0.021232
241.154900 0.399268
241.362100 -0.052842
241.569200 2.632457
241.776400 0.507769
241.983500 2.783904
242.190700 0.489988
242.397900 0.000000
242.605100 -0.362548
242.812400 2.587711
243.019600 0.230722
243.226900 -0.389908
243.434100 0.074435
243.641400 -0.341335
243.848700 0.493009
244.056000 -2.309630
244.263400 -0.514105
244.470700 0.730603
244.678100 -0.218169
244.885400 0.163713
245.092800 2.682145
245.300200 0.362300
245.507600 3.330008
245.715100 0.284120
245.922500 3.026125
246.130000 -1.429467
246.337500 0.523638
246.544900 -0.283229
246.752400 3.362859
246.960000 3.165244
247.167500 -0.056933
247.375000 -2.426511
247.582600 0.634780
247.790200 -0.545837
247.997800 -0.456014
248.205400 0.026388
248.413000 -0.269024
248.620600 2.727541
248.828300 0.405702
249.035900 3.030600
249.243600 3.093772
249.451300 0.298318
249.659000 0.000837
249.866700 0.291408
250.074500 0.006234
250.282200 0.214979
250.490000 -0.152166
250.697800 2.846955
250.905600 0.127824
251.113400 2.929930
251.321200 0.740761
251.529000 -1.243524
251.736900 0.222812
251.944700 0.309879
252.152600 0.037464
252.360500 0.163575
252.568400 -0.391472
252.776300 -0.535547
252.984300 -0.252725
253.192200 -0.142973
253.400200 -0.172546
253.608200 -0.238966
253.816200 3.282396
254.024200 2.872739
254.232200 -0.685052
254.440200 -3.077731
254.648300 2.769377
254.856400 2.701568
255.064400 -0.309316
255.272500 3.097604
255.480600 0.216087
255.688800 -2.352183
255.896900 0.951014
256.105100 3.284882
256.313200 0.035979
256.521400 2.827369
256.729600 0.092228
256.937800 3.171434
257.146000 2.902003
257.354300 -2.079181
257.562500 0.327325
257.770800 0.000000
257.979100 3.195346
258.187400 0.571333
258.395700 -0.058978
258.604000 0.101141
258.812400 0.185079
259.020700 0.082136
259.229100 0.171046
259.437500 2.975891
259.645900 1.654314
259.854300 2.878522
260.062700 0.040191
260.271100 -0.189728
260.479600 0.220809
260.688100 -0.371194
260.896500 0.592937
261.105000 -0.821785
261.313500 -0.407801
261.522100 -0.077406
261.730600 2.945961
261.939200 2.701568
262.147700 -0.164834
262.356300 0.225247
262.564900 2.536558
262.773500 -0.047313
262.982200 0.169404
263.190800 -2.838849
263.399500 0.186465
263.608100 3.039017
263.816800 3.034628
264.025500 -0.876106
264.234200 0.614294
264.442900 -0.026103
264.651700 3.097604
264.860400 0.583577
265.069200 0.005048
265.278000 0.680709
265.486800 -0.281307
265.695600 -0.316164
265.904400 -0.269257
266.113300 2.599883
266.322100 -0.289042
266.531000 -0.628259
266.739900 -0.962732
266.948800 0.181818
267.157700 0.032926
267.366600 3.055378
267.575500 0.017585
267.784500 -0.288621
267.993500 2.994757
268.202400 2.970812
268.411400 0.361687
268.620500 0.269814
268.829500 2.775974
269.038500 -0.335541
269.247600 3.078819
269.456600 -0.993998
269.665700 2.965672
269.874800 -0.130413
270.083900 -0.026669
270.293100 -2.716838
270.502200 3.034628
270.711400 -0.910720
270.920500 -0.266241
271.129700 -0.092305
271.338900 0.171622
271.548100 2.691965
271.757300 -0.216796
271.966600 -0.224190
272.175800 0.223379
272.385100 3.132580
272.594400 2.970812
272.803700 0.361687
273.013000 -0.315270
273.222300 0.474929
273.431600 0.288449
273.641000 0.443370
273.850400 -0.376163
274.059700 2.945961
274.269100 0.286790
274.478500 0.801632
274.688000 0.565506
274.897400 0.603836
275.106900 -0.761118
275.316300 1.168888
275.525800 -0.100246
275.735300 -2.491362
275.944800 -0.027764
276.154300 2.662758
276.363900 -0.254335
276.573400 -0.320962
276.783000 0.574737
276.992600 -0.301339
277.202200 0.146908
277.411800 -0.289084
277.621400 -0.083363
277.831000 3.118595
278.040700 0.277169
278.250300 -0.353567
278.460000 -0.164518
278.669700 2.980458
278.879400 -0.596008
279.089100 2.691965
279.298900 -0.184681
279.508600 0.505887
279.718400 0.075213
279.928100 -2.491362
280.137900 -0.120486
280.347700 -0.101542
280.557600 -0.242359
280.767400 3.039017
280.977200 2.872156
281.187100 -2.984077
281.397000 3.089905
281.606900 0.000000
281.816800 -0.078926
282.026700 2.357935
282.236600 -0.262553
282.446600 -0.279026
282.656500 -2.824776
282.866500 -0.480615
283.076500 -0.645621
283.286500 3.115278
283.496500 3.030600
283.706500 2.907411
283.916600 2.866287
284.126600 -2.192727
284.336700 0.474780
284.546800 -0.264159
284.756900 0.386229
284.967000 2.896526
285.177100 -0.019237
285.387300 -2.262451
285.597400 1.870905
285.807600 2.127105
286.017800 0.300809
286.228000 -2.911690
286.438200 3.171434
286.648400 0.678065
286.858700 0.342564
287.068900 0.873932
287.279200 -0.267656
287.489500 -0.794005
287.699800 3.158965
287.910100 2.621176
288.120400 3.047275
288.330800 0.010593
288.541100 0.282916
288.751500 -1.073885
288.961900 2.813581
289.172300 -2.810904
289.382700 0.250040
289.593100 -0.070793
289.803500 0.000000
290.014000 -0.119568
290.224500 -0.003021
290.434900 0.000000
290.645400 -0.502777
290.855900 2.653213
291.066500 0.257387
291.277000 0.064865
291.487500 -0.070211
291.698100 2.768638
291.908700 2.338456
292.119300 3.059185
292.329900 3.042969
292.540500 2.728354
292.751100 -0.252810
292.961800 -2.781755
293.172400 3.171434
293.383100 0.000000
293.593800 -0.105269
293.804500 2.495544
294.015200 -0.329172
294.226000 -2.571709
294.436700 -0.603093
294.647500 -0.145283
294.858200 0.186075
295.069000 3.055378
295.279800 -0.510594
295.490600 -2.698970
295.701500 0.262610
295.912300 3.082785
296.123200 3.247728
296.334000 -0.047082
296.544900 0.770266
296.755800 3.220892
296.966700 0.173186
297.177700 2.945961
297.388600 2.935003
297.599500 -0.156998
297.810500 -0.196423
298.021500 0.000925
298.232500 0.144069
298.443500 1.690196
298.654500 0.115331
298.865600 3.125806
299.076600 -0.398147
299.287700 -2.796574
299.498800 0.079564
299.709900 2.902003
299.921000 3.234517
300.132100 3.038620
300.343200 3.270446
300.554400 2.769377
300.765500 -0.079789
300.976700 0.000000
301.187900 -0.222872
301.399100 2.813581
301.610300 0.029342
301.821500 0.746690
302.032800 0.026756
302.244100 3.017451
302.455300 0.245735
302.666600 0.329334
302.877900 0.214772
303.089200 -0.506576
303.300600 0.018053
303.511900 1.084321
303.723300 -0.197281
303.934600 2.884795
304.146000 -1.772950
304.357400 0.684781
304.568800 2.846955
304.780300 0.410533
304.991700 2.784617
305.203100 -0.299867
305.414600 0.846200
305.626100 -0.628259
305.837600 0.324329
306.049100 0.316582
306.260600 -0.180062
306.472200 -0.349984
306.683700 0.081450
306.895300 2.575188
307.106900 0.331357
307.318400 0.284120
307.530100 1.417056
307.741700 -0.335583
307.953300 -0.016068
308.165000 -2.459392
308.376600 3.265290
308.588300 0.267781
308.800000 0.771776
309.011700 0.086709
309.223400 -0.022488
309.435100 2.450249
309.646900 0.029202
309.858600 3.054996
310.070400 0.217355
310.282200 1.447158
310.494000 0.158730
310.705800 0.451365
310.917600 0.656340
311.129500 0.953615
311.341300 0.530033
311.553200 -0.056125
311.765100 3.139249
311.977000 -0.157893
312.188900 0.812913
312.400800 0.019029
312.612700 0.621902
312.824700 0.901099
313.036600 -0.082830
313.248600 0.493185
313.460600 2.999565
313.672600 3.275081
313.884600 -0.190791
314.096700 -0.333604
314.308700 0.776992
314.520800 1.218338
314.732800 0.288166
314.944900 3.146128
315.157000 0.183020
315.369200 0.773155
315.581300 -0.038774
315.793400 0.013726
316.005600 1.016827
316.217700 3.168203
316.429900 0.267976
316.642100 0.329354
316.854300 3.093772
317.066600 0.393407
317.278800 0.379315
317.491100 0.512861
317.703300 0.844898
317.915600 -0.105988
318.127900 0.634856
318.340200 3.097604
318.552500 0.458698
318.764900 3.139249
318.977200 1.175141
319.189600 -0.098204
319.401900 1.075141
319.614300 0.290294
319.826700 0.171927
320.039200 0.740838
320.251600 0.188801
320.464000 1.026629
320.676500 0.625803
320.889000 -0.285126
321.101400 0.426163
321.313900 0.433473
321.526500 0.478975
321.739000 3.376577
321.951500 0.337770
322.164100 3.132580
322.376600 0.360421
322.589200 1.283678
322.801800 0.610930
323.014400 0.427485
323.227000 0.588464
323.439700 3.437433
323.652300 3.471292
323.865000 3.374748
324.077700 0.859138
324.290400 0.376781
324.503100 0.394503
324.715800 3.399154
324.928500 3.425697
325.141200 0.587600
325.354000 0.904337
325.566800 1.240655
325.779600 0.334433
325.992400 0.615740
326.205200 0.496472
326.418000 0.396631
326.630800 3.581495
326.843700 3.659250
327.056600 0.134803
327.269400 3.416973
327.482300 3.531990
327.695200 3.385964
327.908200 0.656525
328.121100 0.416105
328.334000 1.244495
328.547000 1.116860
328.760000 0.907204
328.973000 0.678616
329.186000 0.599580
329.399000 3.445915
329.612000 0.713071
329.825100 3.485153
330.038100 0.177934
330.251200 0.579435
330.464300 1.018811
330.677400 1.063775
330.890500 0.839284
331.103600 1.316953
331.316700 0.273497
331.529900 3.658298
331.743100 0.448746
331.956200 2.117271
332.169400 3.577836
332.382600 0.372582
332.595900 1.992411
332.809100 1.058223
333.022300 3.595606
333.235600 0.323838
333.448900 1.303052
333.662200 0.892543
333.875500 0.814461
334.088800 3.518251
334.302100 0.612121
334.515400 3.647089
334.728800 0.845296
334.942200 3.626956
335.155500 0.451841
335.368900 3.756864
335.582300 0.340283
335.795800 0.665397
336.009200 0.779092
336.222700 1.275302
336.436100 2.181190
336.649600 3.795949
336.863100 0.775686
337.076600 3.787035
337.290100 3.741388
337.503600 1.676463
337.717200 0.858923
337.930700 1.104668
338.144300 0.956260
338.357900 0.610185
338.571500 1.169126
338.785100 1.063719
338.998700 1.280338
339.212400 1.004408
339.426000 3.712144
339.639700 0.815397
339.853300 3.765594
340.067000 0.841021
340.280700 0.832107
340.494500 3.790074
340.708200 0.295140
340.921900 0.750539
341.135700 0.415074
341.349500 0.906490
341.563300 0.837838
341.777100 0.597986
341.990900 0.908440
342.204700 3.816042
342.418500 3.869232
342.632400 0.896973
342.846300 0.784934
343.060100 3.693023
343.274000 0.506347
343.487900 0.674192
343.701900 0.621416
343.915800 0.607196
344.129700 1.123103
344.343700 3.778006
344.557700 0.751696
344.771700 1.418759
344.985700 0.728676
345.199700 1.135514
345.413700 0.871089
345.627700 1.392397
345.841800 3.870521
346.055900 0.965383
346.269900 0.747085
346.484000 1.199645
346.698100 0.973816
346.912300 1.210853
347.126400 0.685904
347.340600 1.074387
347.554700 0.551634
347.768900 0.599641
347.983100 0.856767
348.197300 3.889246
348.411500 0.553512
348.625700 1.320217
348.840000 0.489020
349.054200 1.846904
349.268500 1.334841
349.482800 0.999270
349.697100 3.921634
349.911400 3.877832
350.125700 0.460168
350.340000 3.937869
350.554400 0.844441
350.768700 3.912806
350.983100 3.917820
351.197500 0.877675
351.411900 0.753223
351.626300 0.934556
351.840700 0.969596
352.055200 3.931966
352.269600 3.959471
352.484100 0.904747
352.698600 0.841778
352.913100 0.922345
353.127600 1.168572
353.342100 3.948266
353.556600 1.845494
353.771200 1.412038
353.985800 1.054902
354.200300 0.860860
354.414900 1.142244
354.629500 3.907143
354.844100 3.994273
355.058800 3.971879
355.273400 0.917139
355.488100 3.989138
355.702700 0.906157
355.917400 1.188411
356.132100 1.082040
356.346800 1.038011
356.561500 1.070877
356.776300 3.974327
356.991000 1.457349
357.205800 3.987264
357.420600 1.054715
357.635300 0.853646
357.850100 0.870323
358.065000 3.991935
358.279800 0.813231
358.494600 3.959995
358.709500 4.012879
358.924300 0.964229
359.139200 1.889997
359.354100 3.988202
359.569000 1.516173
359.783900 3.987264
359.998900 0.621605
360.213800 4.019947
360.428800 1.433131
360.643800 1.143648
360.858700 1.651316
361.073700 0.787924
361.288800 1.165347
361.503800 0.759280
361.718800 0.672151
361.933900 4.009323
362.148900 1.094141
362.364000 1.642530
362.579100 1.108120
362.794200 0.881426
363.009300 1.525707
363.224500 1.206430
363.439600 1.135539
363.654800 1.023419
363.869900 0.842339
364.085100 4.019947
364.300300 0.642209
364.515500 4.049102
364.730800 1.186050
364.946000 1.053010
365.161200 4.048325
365.376500 2.940232
365.591800 1.792353
365.807100 1.303565
366.022400 1.112459
366.237700 1.418105
366.453000 1.048524
366.668400 1.826924
366.883700 1.297221
367.099100 4.077622
367.314500 0.944205
367.529900 1.041493
367.745300 1.036947
367.960700 1.134650
368.176100 1.128340
368.391600 1.064025
368.607000 4.134305
368.822500 1.802271
369.038000 1.138602
369.253500 1.951186
369.469000 1.577178
369.684500 4.136974
369.900100 0.919572
370.115600 4.067926
370.331200 4.097847
370.546800 1.612647
370.762400 1.704754
370.978000 1.045784
371.193600 0.794720
371.409200 1.248003
371.624900 1.443871
371.840500 0.929004
372.056200 0.852410
372.271900 1.189438
372.487600 1.117977
372.703300 4.129915
372.919000 1.117680
373.134800 4.137671
373.350500 1.613807
373.566300 1.559141
373.782000 4.160709
373.997800 1.452660
374.213600 1.316068
374.429400 1.053002
374.645300 4.204906
374.861100 1.776382
375.077000 0.901366
375.292800 1.662501
375.508700 1.594193
375.724600 4.210586
375.940500 4.218404
376.156400 1.733094
376.372400 1.157077
376.588300 4.218667
376.804300 1.409943
377.020300 1.629532
377.236200 4.258326
377.452200 1.651768
377.668200 1.511111
377.884300 1.175067
378.100300 0.976115
378.316400 1.060665
378.532400 1.008814
378.748500 2.305720
378.964600 2.050001
379.180700 2.421903
379.396800 1.203578
379.612900 4.277861
379.829100 1.849001
380.045200 1.976130
380.261400 1.404301
380.477600 1.747376
380.693800 1.225072
380.910000 4.341138
381.126200 1.332450
381.342400 1.205348
381.558700 1.559072
381.774900 1.026393
381.991200 1.570319
382.207500 1.349937
382.423800 4.339054
382.640100 2.079102
382.856400 1.180267
383.072800 1.226781
383.289100 1.119828
383.505500 1.207059
383.721900 1.338871
383.938200 1.384747
384.154600 2.596911
384.371100 4.337779
384.587500 1.052785
384.803900 1.940378
385.020400 1.240898
385.236800 1.130506
385.453300 1.353947
385.669800 4.340702
385.886300 1.098531
386.102800 2.050490
386.319400 1.077361
386.535900 1.109759
386.752500 1.455093
386.969000 4.367673
387.185600 1.722638
387.402200 1.782162
387.618800 1.272173
387.835500 1.473631
388.052100 1.145415
388.268700 0.933043
388.485400 1.302734
388.702100 1.194798
388.918800 0.914537
389.135500 1.125038
389.352200 1.214557
389.568900 1.102483
389.785600 3.265239
390.002400 1.339090
390.219200 0.806941
390.435900 0.869748
390.652700 1.107370
390.869500 1.003327
391.086300 0.925740
391.303200 1.204991
391.520000 0.843043
391.736900 0.999722
391.953700 0.817045
392.170600 0.994625
392.387500 0.856302
392.604400 0.872297
392.821300 0.739425
393.038300 0.812364
393.255200 0.838169
393.472200 0.758764
393.689100 0.778779
393.906100 0.657604
394.123100 0.777246
394.340100 0.730158
394.557200 0.760411
394.774200 0.650724
394.991200 0.742040
395.208300 0.667883
395.425400 0.598107
395.642500 0.604147
395.859600 0.661844
396.076700 0.670541
396.293800 0.686994
396.510900 0.675891
396.728100 0.547281
396.945300 0.642941
397.162400 0.633651
397.379600 0.622018
397.596800 0.469195
397.814000 0.541886
398.031300 0.582064
398.248500 0.562289
398.465800 0.493469
398.683000 0.559200
398.900300 0.496635
399.117600 0.549744
399.334900 0.516512
399.552200 0.578556
399.769600 0.440285
399.986900 0.449033
400.204300 0.442830
400.421600 0.455406
400.639000 0.539310
400.856400 0.475582
401.073800 0.406188
401.291200 0.500663
401.508700 0.471719
401.726100 0.415250
401.943600 0.396742
402.161000 0.416113
402.378500 0.360195
402.596000 0.429723
402.813500 0.374258
403.031000 0.392820
403.248600 0.409590
403.466100 0.362581
403.683700 0.349551
403.901300 0.349690
404.118900 0.366373
404.336500 0.391903
404.554100 0.342595
404.771700 0.352515
404.989300 0.367565
405.207000 0.355661
405.424600 0.351620
405.642300 0.330312
405.860000 0.378409
406.077700 0.308693
406.295400 0.348697
406.513100 0.284977
406.730900 0.278996
406.948600 0.319273
407.166400 0.352349
407.384200 0.334569
407.602000 0.292067
407.819800 0.329329
408.037600 0.333257
408.255400 0.291654
408.473300 0.331979
408.691100 0.283061
408.909000 0.287592
409.126900 0.283731
409.344800 0.316082
409.562700 0.239073
409.780600 0.294126
409.998500 0.262315
410.216500 0.274982
410.434400 0.257481
410.652400 0.284447
410.870400 0.323345
411.088400 0.243772
411.306400 0.258095
411.524400 0.247322
411.742400 0.223502
411.960500 0.272498
412.178500 0.210290
412.396600 0.228195
412.614700 0.211044
412.832800 0.254392
413.050900 0.224697
413.269000 0.248041
413.487100 0.228782
413.705300 0.262474
413.923400 0.260653
414.141600 0.254768
414.359800 0.232945
414.578000 0.246151
414.796200 0.262614
415.014400 0.230146
415.232600 0.224240
415.450900 0.201874
415.669200 0.190521
415.887400 0.235577
416.105700 0.228553
416.324000 0.224654
416.542300 0.218173
416.760600 0.209952
416.979000 0.222586
417.197300 0.178129
417.415700 0.232365
417.634100 0.177360
417.852400 0.213445
418.070800 0.211039
418.289300 0.236296
418.507700 0.213231
418.726100 0.200611
418.944600 0.237602
419.163000 0.165290
419.381500 0.218269
419.600000 0.211307
419.818500 0.219894
420.037000 0.186841
420.255500 0.211163
420.474100 0.238459
420.692600 0.204846
420.911200 0.226127
421.129800 0.203581
421.348300 0.215747
421.566900 0.183034
421.785600 0.200313
422.004200 0.202271
422.222800 0.190630
422.441500 0.241034
422.660100 0.198664
422.878800 0.185026
423.097500 0.195451
423.316200 0.195045
423.534900 0.171069
423.753600 0.214383
423.972400 0.184996
424.191100 0.176028
424.409900 0.215697
424.628700 0.163308
424.847500 0.148592
425.066300 0.176345
425.285100 0.159246
425.503900 0.197269
425.722800 0.201055
425.941600 0.176972
426.160500 0.174824
426.379300 0.183572
426.598200 0.153416
426.817100 0.162737
427.036100 0.209162
427.255000 0.211074
427.473900 0.208630
427.692900 0.165455
427.911800 0.197125
428.130800 0.191803
428.349800 0.208373
428.568800 0.180185
428.787800 0.169843
429.006800 0.173410
429.225900 0.202670
429.444900 0.163090
429.664000 0.195737
429.883100 0.252956
430.102200 0.198167
430.321300 0.185505
430.540400 0.176082
430.759500 0.189900
430.978700 0.168192
431.197800 0.181869
431.417000 0.164418
431.636200 0.168199
431.855300 0.193619
432.074500 0.183549
432.293800 0.195080
432.513000 0.183965
432.732200 0.176974
432.951500 0.225942
433.170700 0.213480
433.390000 0.195737
433.609300 0.186805
433.828600 0.195743
434.047900 0.198402
434.267300 0.193119
434.486600 0.182501
434.705900 0.213057
434.925300 0.229719
435.144700 0.190243
435.364100 0.203107
435.583500 0.210461
435.802900 0.202489
436.022300 0.218808
436.241800 0.200948
436.461200 0.197554
436.680700 0.187704
436.900100 0.187270
437.119600 0.210262
437.339100 0.201614
437.558600 0.205764
437.778200 0.207491
437.997700 0.191641
438.217300 0.176635
438.436800 0.211796
438.656400 0.228090
438.876000 0.208670
439.095600 0.197273
439.315200 0.238918
439.534800 0.196968
439.754500 0.229942
439.974100 0.218383
440.193800 0.209563
440.413500 0.247473
440.633100 0.210085
440.852800 0.222457
441.072500 0.248887
441.292300 0.250081
441.512000 0.251686
441.731800 0.259530
441.951500 0.253052
442.171300 0.234388
442.391100 0.234274
442.610900 0.234410
442.830700 0.226067
443.050500 0.226917
443.270300 0.219717
443.490200 0.224563
443.710100 0.240805
443.929900 0.244362
444.149800 0.275373
444.369700 0.232722
444.589600 0.249773
444.809500 0.244746
445.029500 0.296239
445.249400 0.252855
445.469400 0.242006
445.689400 0.241614
445.909300 0.248002
446.129300 0.277216
446.349300 0.279260
446.569400 0.270496
446.789400 0.291034
447.009400 0.277379
447.229500 0.250358
447.449600 0.288842
447.669600 0.276755
447.889700 0.280970
448.109800 0.270065
448.330000 0.315508
448.550100 0.296710
448.770200 0.311486
448.990400 0.309660
449.210600 0.300430
449.430700 0.293035
449.650900 0.285583
449.871100 0.298163
450.091400 0.290421
450.311600 0.337182
450.531800 0.284280
450.752100 0.328986
450.972400 0.267187
451.192600 0.329454
451.412900 0.333287
451.633200 0.286798
451.853500 0.294937
452.073900 0.318680
452.294200 0.334364
452.514600 0.304606
452.734900 0.302725
452.955300 0.318639
453.175700 0.348929
453.396100 0.334711
453.616500 0.336348
453.836900 0.309445
454.057400 0.335145
454.277800 0.341808
454.498300 0.329341
454.718800 0.354711
454.939300 0.342737
455.159700 0.335835
455.380300 0.353136
455.600800 0.359775
455.821300 0.370961
456.041900 0.386023
456.262400 0.360205
456.483000 0.334429
456.703600 0.419881
456.924200 0.384572
457.144800 0.381727
457.365400 0.392626
457.586000 0.377385
457.806700 0.385308
458.027400 0.369981
458.248000 0.381736
458.468700 0.350155
458.689400 0.405275
458.910100 0.388141
459.130800 0.401920
459.351600 0.395322
459.572300 0.403866
459.793100 0.400266
460.013800 0.381087
460.234600 0.441601
460.455400 0.469718
460.676200 0.406877
460.897000 0.477928
461.117800 0.425696
461.338700 0.427419
461.559500 0.449289
461.780400 0.433632
462.001300 0.471537
462.222200 0.436180
462.443100 0.474614
462.664000 0.455096
462.884900 0.501632
463.105900 0.445864
463.326800 0.472713
463.547800 0.486896
463.768700 0.496140
463.989700 0.443647
464.210700 0.445390
464.431700 0.466523
464.652800 0.496214
464.873800 0.503073
465.094800 0.516608
465.315900 0.528959
465.537000 0.519179
465.758100 0.553532
465.979200 0.499466
466.200300 0.541824
466.421400 0.529881
466.642500 0.572207
466.863700 0.546896
467.084800 0.572088
467.306000 0.547506
467.527200 0.565628
467.748400 0.572785
467.969600 0.557770
468.190800 0.560134
468.412000 0.566676
468.633300 0.602707
468.854500 0.592465
469.075800 0.569518
469.297000 0.567458
469.518300 0.609857
469.739600 0.614457
469.961000 0.609811
470.182300 0.609703
470.403600 0.565842
470.625000 0.564184
470.846300 0.595210
471.067700 0.543363
471.289100 0.593644
471.510500 0.574444
471.731900 0.559595
471.953300 0.678808
472.174800 0.595330
472.396200 0.633863
472.617700 0.623381
472.839100 0.604691
473.060600 0.675576
473.282100 0.690337
473.503600 0.575238
473.725100 0.635662
473.946700 0.690356
474.168200 0.645450
474.389800 0.693285
474.611300 0.671374
474.832900 0.666203
475.054500 0.697294
475.276100 0.721215
475.497700 0.713056
475.719300 0.700329
475.941000 0.746948
476.162600 0.730610
476.384300 0.754928
476.606000 0.689305
476.827700 0.735952
477.049400 0.713866
477.271100 0.710114
477.492800 0.667796
477.714500 0.762054
477.936300 0.766065
478.158000 0.737310
478.379800 0.760896
478.601600 0.746234
478.823400 0.794387
479.045200 0.792470
479.267000 0.848102
479.488800 0.771531
479.710700 0.752044
479.932500 0.728181
480.154400 0.778127
480.376300 0.753748
480.598200 0.789144
480.820100 0.821204
481.042000 0.750878
481.263900 0.861825
481.485900 0.790297
481.707800 0.880849
481.929800 0.812373
482.151700 0.940564
482.373700 0.762434
482.595700 0.829619
482.817700 0.825955
483.039800 0.823505
483.261800 0.818191
483.483800 0.840097
483.705900 0.863287
483.928000 0.861512
484.150100 0.975554
484.372100 0.827896
484.594300 0.836084
484.816400 0.938345
485.038500 0.909005
485.260600 0.985172
485.482800 0.953045
485.705000 0.977936
485.927100 0.975027
486.149300 0.928594
486.371500 0.953763
486.593700 1.011113
486.816000 0.949220
487.038200 0.952586
487.260500 0.933007
487.482700 0.967184
487.705000 0.933054
487.927300 1.026366
488.149600 0.989336
488.371900 0.915587
488.594200 0.989227
488.816500 1.029989
489.038900 0.939704
489.261200 0.894963
489.483600 0.930864
489.706000 1.009042
489.928400 1.084646
490.150800 0.963844
490.373200 0.995529
490.595600 1.001468
490.818000 1.007251
491.040500 0.987400
491.263000 1.027928
491.485400 1.063625
491.707900 1.007557
491.930400 1.139467
492.152900 0.962642
492.375500 1.051901
492.598000 0.991286
492.820500 0.992403
493.043100 0.974064
493.265700 1.067479
493.488200 0.988703
493.710800 0.977355
493.933400 1.060140
494.156100 1.019882
494.378700 1.037064
494.601300 1.101501
494.824000 1.156483
495.046600 1.083267
495.269300 0.958344
495.492000 1.008394
495.714700 1.011030
495.937400 1.073163
496.160100 1.078754
496.382900 1.177740
496.605600 1.082976
496.828400 1.039165
497.051100 1.081336
497.273900 0.985758
497.496700 1.009398
497.719500 1.266370
497.942300 1.103816
498.165200 1.034847
498.388000 1.051373
498.610900 1.156350
498.833700 1.120114
499.056600 1.284580
499.279500 1.336410
499.502400 1.058643
499.725300 1.156545
499.948200 1.154667
500.171200 1.154915
500.394100 1.193823
500.617100 1.252246
500.840000 1.274381
501.063000 1.081446
501.286000 1.034638
501.509000 1.038511
501.732000 1.233101
501.955100 1.114049
502.178100 1.029282
502.401200 1.077045
502.624200 1.289815
502.847300 1.081422
503.070400 1.219697
503.293500 1.097507
503.516600 1.243718
503.739700 1.142000
503.962800 1.403415
504.186000 1.212389
504.409200 1.247739
504.632300 1.118205
504.855500 1.203313
505.078700 1.236456
505.301900 1.260286
505.525100 1.092113
505.748300 1.195909
505.971600 1.219635
506.194800 1.034932
506.418100 1.128090
506.641400 1.246397
506.864700 1.002878
507.088000 1.197744
507.311300 1.042374
507.534600 1.059792
507.757900 1.214301
507.981300 0.995510
508.204600 1.080922
508.428000 1.209193
508.651400 1.108273
508.874800 1.006356
509.098200 1.127713
509.321600 1.302327
509.545000 1.007497
509.768500 1.169644
509.991900 1.133927
510.215400 1.325175
510.438800 1.194927
510.662300 1.225777
510.885800 1.068952
511.109300 1.151159
511.332900 1.097943
511.556400 1.205749
511.779900 1.161184
512.003500 1.106681
512.227000 1.034542
512.450600 1.151406
512.674200 1.020472
512.897800 1.386888
513.121400 1.147151
513.345100 1.080430
513.568700 1.244441
513.792300 0.978426
514.016000 1.129491
514.239700 1.279093
514.463400 1.234153
514.687100 0.994520
514.910800 1.225826
515.134500 1.180076
515.358200 0.999405
515.581900 1.139721
515.805700 1.106397
516.029500 1.146368
516.253200 1.034195
516.477000 1.142614
516.700800 1.344945
516.924600 1.277157
517.148500 1.287933
517.372300 1.124127
517.596100 1.200671
517.820000 1.026533
518.043900 1.127898
518.267700 1.062839
518.491600 1.233272
518.715500 1.190539
518.939500 1.131206
519.163400 1.093443
519.387300 1.078625
519.611300 0.984874
519.835200 1.101686
520.059200 1.122480
520.283200 0.991906
520.507200 1.064773
520.731200 1.057920
520.955200 1.127251
521.179200 1.042889
521.403300 0.888695
521.627300 1.081079
521.851400 0.821680
522.075500 1.165281
522.299600 1.031302
522.523700 0.846042
522.747800 0.932563
522.971900 0.948234
523.196000 0.955432
523.420200 0.939311
523.644300 1.078446
523.868500 1.445892
524.092700 1.007999
524.316900 0.996841
524.541100 0.998889
524.765300 1.064595
524.989500 0.856884
525.213800 0.917745
525.438000 0.864144
525.662300 0.850415
525.886500 0.869113
526.110800 0.881001
526.335100 0.866369
526.559400 0.949466
526.783700 0.786136
527.008100 0.843418
527.232400 0.878485
527.456800 0.950783
527.681100 0.893307
527.905500 0.813035
528.129900 0.964345
528.354300 0.851822
528.578700 0.847283
528.803100 0.886769
529.027600 0.830803
529.252000 0.822069
529.476500 0.925093
529.700900 0.929236
529.925400 0.866688
530.149900 0.928375
530.374400 0.830916
530.598900 0.913941
530.823400 0.830787
531.048000 0.800030
531.272500 0.781231
531.497100 0.823290
531.721700 0.749747
531.946200 0.795374
532.170800 0.783582
532.395400 0.789151
532.620000 0.812040
532.844700 0.841057
533.069300 0.798994
533.294000 0.905517
533.518600 0.797410
533.743300 0.777361
533.968000 0.826349
534.192700 0.764856
534.417400 0.749382
534.642100 0.885563
534.866800 0.702245
535.091600 0.789453
535.316300 0.817040
535.541100 0.686811
535.765900 0.758153
535.990700 0.746108
536.215500 0.638664
536.440300 0.685114
536.665100 0.686256
536.889900 0.635702
537.114800 0.624466
537.339600 0.658450
537.564500 0.613697
537.789400 0.703388
538.014300 0.648808
538.239200 0.737697
538.464100 0.675594
538.689000 0.624835
538.913900 0.676362
539.138900 0.627157
539.363800 0.609805
539.588800 0.601135
539.813800 0.628092
540.038800 0.679601
540.263800 0.654239
540.488800 0.648530
540.713800 0.594304
540.938900 0.581629
541.163900 0.634700
541.389000 0.538098
541.614000 0.586660
541.839100 0.602241
542.064200 0.539773
542.289300 0.642684
542.514400 0.568802
542.739600 0.528226
542.964700 0.585582
543.189900 0.554219
543.415000 0.552032
543.640200 0.564239
543.865400 0.535134
544.090600 0.562775
544.315800 0.503701
544.541000 0.514826
544.766200 0.535835
544.991500 0.532169
545.216700 0.502365
545.442000 0.519656
545.667300 0.522395
545.892600 0.464427
546.117900 0.466604
546.343200 0.502618
546.568500 0.468583
546.793800 0.507603
547.019200 0.470512
547.244500 0.454699
547.469900 0.466805
547.695300 0.453283
547.920600 0.473175
548.146000 0.456119
548.371500 0.452263
548.596900 0.404755
548.822300 0.436387
549.047800 0.452972
549.273200 0.425638
549.498700 0.405094
549.724200 0.438847
549.949600 0.403324
550.175100 0.392994
550.400700 0.344294
550.626200 0.401694
550.851700 0.386735
551.077300 0.380262
551.302800 0.364814
551.528400 0.350777
551.754000 0.391387
551.979600 0.362352
552.205200 0.367043
552.430800 0.356370
552.656400 0.349730
552.882000 0.417607
553.107700 0.366044
553.333300 0.375309
553.559000 0.354613
553.784700 0.362722
554.010400 0.370758
554.236100 0.328049
554.461800 0.327175
554.687500 0.319015
554.913200 0.334221
555.139000 0.326346
555.364800 0.280215
555.590500 0.313049
555.816300 0.299281
556.042100 0.323226
556.267900 0.325294
556.493700 0.288671
556.719500 0.316437
556.945400 0.300058
557.171200 0.309315
557.397100 0.274352
557.623000 0.291575
557.848800 0.265312
558.074700 0.263357
558.300600 0.283739
558.526600 0.283370
558.752500 0.235069
558.978400 0.257727
559.204400 0.265698
559.430300 0.281600
559.656300 0.219599
559.882300 0.209708
560.108300 0.239566
560.334300 0.233795
560.560300 0.231458
560.786300 0.231650
561.012400 0.223653
561.238400 0.222682
561.464500 0.236695
561.690500 0.224352
561.916600 0.229735
562.142700 0.213395
562.368800 0.215445
562.594900 0.213428
562.821100 0.202128
563.047200 0.211921
563.273300 0.211275
563.499500 0.206863
563.725700 0.208174
563.951900 0.174211
564.178100 0.180136
564.404300 0.208069
564.630500 0.196584
564.856700 0.201757
565.082900 0.204749
565.309200 0.165746
565.535500 0.187206
565.761700 0.163842
565.988000 0.157583
566.214300 0.145126
566.440600 0.133926
566.666900 0.159924
566.893200 0.165658
567.119600 0.152676
567.345900 0.165543
567.572300 0.166677
567.798700 0.154861
568.025000 0.156361
568.251400 0.159222
568.477800 0.146301
568.704300 0.156297
568.930700 0.163674
569.157100 0.160047
569.383600 0.140951
569.610000 0.139164
569.836500 0.148429
570.063000 0.131306
570.289500 0.149760
570.516000 0.155173
570.742500 0.134651
570.969000 0.141345
571.195600 0.134954
571.422100 0.128851
571.648700 0.137770
571.875200 0.131886
572.101800 0.127457
572.328400 0.144275
572.555000 0.129163
572.781600 0.129246
573.008200 0.127163
573.234900 0.126359
573.461500 0.126120
573.688200 0.121239
573.914900 0.126434
574.141500 0.115318
574.368200 0.103862
574.594900 0.107239
574.821600 0.099070
575.048400 0.108104
575.275100 0.111996
575.501800 0.114706
575.728600 0.108546
575.955400 0.095959
576.182100 0.107841
576.408900 0.109672
576.635700 0.102584
576.862600 0.106062
577.089400 0.092103
577.316200 0.094400
577.543100 0.102172
577.769900 0.092677
577.996800 0.104057
578.223700 0.088382
578.450500 0.086891
578.677400 0.094752
578.904400 0.087792
579.131300 0.090616
579.358200 0.086741
579.585100 0.079718
579.812100 0.075151
580.039100 0.076989
580.266000 0.077770
580.493000 0.074264
580.720000 0.074624
580.947000 0.072443
581.174100 0.081455
581.401100 0.078246
581.628100 0.075615
581.855200 0.074630
582.082200 0.071315
582.309300 0.065972
582.536400 0.072761
582.763500 0.063656
582.990600 0.062855
583.217700 0.059907
583.444900 0.048370
583.672000 0.056804
583.899100 0.056511
584.126300 0.042456
584.353500 0.056240
584.580700 0.057470
584.807900 0.060442
585.035100 0.067078
585.262300 0.054916
585.489500 0.057619
585.716700 0.054112
585.944000 0.059310
586.171300 0.054097
586.398500 0.043196
586.625800 0.057185
586.853100 0.046267
587.080400 0.045971
587.307700 0.034273
587.535000 0.048394
587.762400 0.040549
587.989700 0.041458
588.217100 0.042543
588.444500 0.050848
588.671800 0.042987
588.899200 0.044626
589.126600 0.040517
589.354000 0.050286
589.581500 0.031032
589.808900 0.037559
590.036300 0.039431
590.263800 0.040118
590.491300 0.033672
590.718700 0.030847
590.946200 0.041914
591.173700 0.029458
591.401200 0.042232
591.628800 0.052497
591.856300 0.029504
592.083800 0.039637
592.311400 0.033741
592.538900 0.031343
592.766500 0.037618
592.994100 0.034970
593.221700 0.041209
593.449300 0.036671
593.676900 0.031352
593.904600 0.032271
594.132200 0.034303
594.359800 0.031676
594.587500 0.029900
594.815200 0.025173
595.042900 0.036665
595.270500 0.036130
595.498300 0.024417
595.726000 0.042909
595.953700 0.031422
596.181400 0.022026
596.409200 0.026561
596.636900 0.033975
596.864700 0.039276
597.092500 0.032001
597.320300 0.026602
597.548100 0.031978
597.775900 0.032747
598.003700 0.039174
598.231500 0.042033
598.459400 0.031950
598.687200 0.046304
598.915100 0.034931
599.143000 0.029337
599.370900 0.042248
599.598800 0.019069
599.826700 0.027583
600.054600 0.033216
600.282500 0.032207
600.510500 0.024753
600.738400 0.017356
600.966400 0.023823
601.194400 0.021784
601.422300 0.013299
601.650300 0.012553
601.878300 0.010244
602.106400 0.029627
602.334400 0.027240
602.562400 0.030887
602.790500 0.029539
603.018500 0.021030
603.246600 0.023231
603.474700 0.022758
603.702800 0.024939
603.930900 0.035945
604.159000 0.033656
604.387100 0.019948
604.615200 0.026547
604.843400 0.016326
605.071500 0.020610
605.299700 0.018801
605.527900 0.011421
605.756100 0.012906
605.984300 0.011077
606.212500 0.003396
606.440700 -0.001349
606.668900 0.007690
606.897200 0.012063
607.125400 0.014952
607.353700 0.016535
607.581900 0.012971
607.810200 0.012191
608.038500 0.015091
608.266800 0.007457
608.495100 0.003986
608.723500 0.006301
608.951800 0.018071
609.180100 0.003211
609.408500 0.006540
609.636900 0.014767
609.865300 0.003309
610.093600 0.014120
610.322000 0.018250
610.550500 0.011636
610.778900 0.011169
611.007300 0.011178
611.235700 0.027216
611.464200 0.027374
611.692700 0.011374
611.921100 0.002368
612.149600 0.017604
612.378100 0.023948
612.606600 0.008502
612.835100 0.012280
613.063700 0.016585
613.292200 0.014682
613.520800 0.002698
613.749300 0.018940
613.977900 0.021255
614.206500 0.009681
614.435100 0.016527
614.663700 0.012679
614.892300 0.007617
615.120900 0.006901
615.349500 0.033834
615.578200 0.018015
615.806800 0.003477
616.035500 0.009157
616.264200 0.008266
616.492900 0.004656
616.721600 0.009804
616.950300 0.005984
617.179000 -0.013594
617.407700 -0.004718
617.636500 0.015957
617.865200 0.009188
618.094000 0.023321
618.322700 0.003492
618.551500 -0.004602
618.780300 -0.010562
619.009100 0.007983
619.237900 0.007922
619.466700 0.001737
619.695600 -0.006867
619.924400 0.014591
620.153300 0.007692
620.382100 0.008250
620.611000 0.002718
620.839900 -0.005921
621.068800 -0.010908
621.297700 0.007967
621.526600 -0.004866
621.755600 -0.002228
621.984500 0.019948
622.213500 -0.003877
622.442400 0.001556
622.671400 0.021974
622.900400 0.011327
623.129400 0.002236
623.358400 0.008626
623.587400 0.008052
623.816400 -0.006896
624.045400 -0.001672
624.274500 -0.010647
624.503500 -0.008365
624.732600 -0.002969
624.961700 0.013617
625.190800 0.003651
625.419900 -0.008629
625.649000 0.006091
625.878100 0.003092
626.107200 0.001961
626.336400 -0.008593
626.565500 0.001217
626.794700 0.005698
627.023800 -0.004549
627.253000 0.010856
627.482200 0.007085
627.711400 -0.008132
627.940600 -0.002312
628.169800 -0.014371
628.399100 0.009240
628.628300 -0.006129
628.857600 -0.028004
629.086800 -0.015377
629.316100 -0.016482
629.545400 -0.019286
629.774700 0.006695
630.004000 0.003869
630.233300 0.006942
630.462600 -0.014610
630.692000 -0.003029
630.921300 0.000964
631.150700 0.018696
631.380100 -0.011969
631.609400 0.014438
631.838800 -0.009698
632.068200 -0.009714
632.297600 -0.008848
632.527100 -0.006066
632.756500 -0.007981
632.985900 -0.014711
633.215400 -0.005741
633.444800 0.007014
633.674300 -0.002599
633.903800 -0.021414
634.133300 0.008289
634.362800 0.002188
634.592300 -0.007674
634.821800 -0.011511
635.051400 0.013809
635.280900 -0.006398
635.510500 -0.036573
635.740000 0.002716
635.969600 0.004272
636.199200 -0.012928
636.428800 -0.007937
636.658400 -0.005462
636.888000 -0.005147
637.117700 -0.001643
637.347300 -0.012055
637.577000 0.007652
637.806600 0.012576
638.036300 0.015620
638.266000 -0.008615
638.495700 0.009850
638.725400 0.006150
638.955100 0.013620
639.184800 -0.013106
639.414500 -0.021093
639.644300 -0.016627
639.874000 -0.022997
640.103800 0.003453
640.333600 0.001627
640.563300 -0.028549
640.793100 -0.007022
641.022900 0.000170
641.252800 0.011217
641.482600 0.023195
641.712400 0.011357
641.942300 -0.018678
642.172100 -0.004064
642.402000 0.006622
642.631900 -0.053228
642.861700 -0.008914
643.091600 -0.008436
643.321600 -0.009841
643.551500 -0.039364
643.781400 0.006033
644.011300 -0.001220
644.241300 0.015593
644.471200 0.001386
644.701200 -0.007251
644.931200 0.024161
645.161200 0.009649
645.391200 0.008269
645.621200 0.019752
645.851200 -0.061694
646.081200 -0.033085
646.311300 0.021306
646.541300 -0.001094
646.771400 -0.023047
647.001500 -0.013157
647.231600 -0.005285
647.461600 0.000541
647.691800 -0.001486
647.921900 0.000694
648.152000 0.008000
648.382100 0.012608
648.612300 0.028794
648.842400 -0.004318
649.072600 0.015357
649.302800 -0.031767
649.532900 0.016424
649.763100 -0.025032
649.993300 0.003311
650.223600 0.022365
650.453800 -0.000683
650.684000 -0.012575
650.914300 -0.010869
651.144500 0.019084
651.374800 0.010674
651.605100 -0.043765
651.835400 0.011395
652.065700 -0.010600
652.296000 -0.008593
652.526300 -0.020609
652.756600 -0.031265
652.987000 0.007962
653.217300 -0.020630
653.447700 -0.005382
653.678000 -0.018225
653.908400 0.005406
654.138800 0.016663
654.369200 0.020080
654.599600 0.003451
654.830000 -0.016297
655.060500 -0.005512
655.290900 -0.002149
655.521300 0.019730
655.751800 0.024212
655.982300 -0.002891
656.212800 -0.000972
656.443300 -0.001453
656.673800 -0.001228
656.904300 -0.002832
657.134800 0.020852
657.365300 0.014402
657.595900 0.017938
657.826400 0.011575
658.057000 0.015284
658.287500 0.014149
658.518100 0.000448
658.748700 0.011795
658.979300 0.009115
659.209900 -0.008224
659.440600 -0.025193
659.671200 -0.041359
659.901800 -0.054230
660.132500 -0.046027
660.363200 -0.035068
660.593800 0.013145
660.824500 -0.005311
661.055200 -0.020879
661.285900 0.031758
661.516600 0.023552
661.747400 -0.009312
661.978100 -0.021405
662.208800 0.044595
662.439600 0.006910
662.670400 -0.007879
662.901100 0.037122
663.131900 0.003844
663.362700 -0.020077
663.593500 -0.019718
663.824300 0.021533
664.055200 -0.018583
664.286000 -0.008735
664.516800 -0.008806
664.747700 -0.010227
664.978600 -0.024169
665.209400 -0.015286
665.440300 0.029350
665.671200 -0.020719
665.902100 0.029457
666.133000 -0.005769
666.364000 -0.033078
666.594900 -0.006151
666.825900 -0.036071
667.056800 -0.010062
667.287800 0.012217
667.518800 -0.025445
667.749700 -0.025855
667.980700 -0.002457
668.211700 -0.010659
668.442800 -0.003829
668.673800 0.022925
668.904800 -0.001667
669.135900 0.030791
669.366900 0.008738
669.598000 -0.009957
669.829100 0.027864
670.060200 -0.019513
670.291300 -0.011883
670.522400 -0.021609
670.753500 0.025603
670.984600 0.002657
671.215700 0.016654
671.446900 0.023804
671.678100 0.029207
671.909200 0.008574
672.140400 -0.003863
672.371600 -0.011497
672.602800 -0.010193
672.834000 -0.000887
673.065200 -0.010732
673.296400 -0.009112
673.527700 -0.010545
673.758900 -0.020790
673.990200 -0.024951
674.221400 -0.009066
674.452700 -0.002613
674.684000 -0.040819
674.915300 0.013306
675.146600 -0.027694
675.377900 -0.032080
675.609300 -0.010542
675.840600 -0.023454
676.071900 0.020965
676.303300 -0.021577
676.534700 0.020756
676.766100 -0.043192
676.997400 0.004949
677.228800 -0.002507
677.460200 0.025917
677.691700 -0.024722
677.923100 0.018442
678.154500 -0.010310
678.386000 -0.006366
678.617400 0.029579
678.848900 0.016247
679.080400 0.001693
679.311900 -0.010355
679.543400 -0.003513
679.774900 -0.004329
680.006400 0.026903
680.237900 0.004740
680.469400 -0.004733
680.701000 0.030445
680.932500 0.006823
681.164100 0.023979
681.395700 0.015718
681.627300 -0.008997
681.858900 0.003156
682.090500 -0.017022
682.322100 -0.029852
682.553700 0.013032
682.785400 -0.022979
683.017000 0.014143
683.248700 0.005122
683.480300 -0.021921
683.712000 -0.036021
683.943700 -0.006208
684.175400 0.032941
684.407100 0.005873
684.638800 -0.003666
684.870500 -0.008865
685.102300 0.022791
685.334000 -0.003868
685.565800 0.008666
685.797500 0.015599
686.029300 0.015089
686.261100 0.020236
686.492900 -0.003189
686.724700 0.010805
686.956500 -0.008983
687.188300 0.016416
687.420200 -0.009556
687.652000 -0.000337
687.883800 0.010795
688.115700 0.017978
688.347600 0.005981
688.579500 -0.022214
688.811400 0.004811
689.043300 0.008637
689.275200 -0.034653
689.507100 -0.000461
689.739000 0.005992
689.971000 -0.032132
690.202900 0.021550
690.434900 -0.031053
690.666900 -0.006773
690.898800 -0.010216
691.130800 0.009100
691.362800 0.018813
691.594800 -0.010063
691.826900 0.014197
692.058900 0.014841
692.290900 -0.001623
692.523000 0.001864
692.755000 0.005779
692.987100 0.008880
693.219200 0.010943
693.451300 0.017975
693.683400 0.024378
693.915500 -0.019536
694.147600 -0.014629
694.379700 0.007174
694.611900 -0.023915
694.844000 -0.006069
695.076200 -0.015404
695.308300 0.005480
695.540500 -0.000078
695.772700 -0.024298
696.004900 -0.003542
696.237100 0.032015
696.469300 0.020452
696.701600 0.001655
696.933800 0.010099
697.166000 -0.009177
697.398300 0.021280
697.630600 0.029717
697.862800 0.030371
698.095100 0.005072
698.327400 0.010307
698.559700 0.001220
698.792000 -0.033783
699.024300 0.021678
699.256700 -0.038057
699.489000 -0.004997
699.721400 -0.000097
699.953700 0.007386
700.186100 0.007430
700.418500 -0.019351
700.650900 -0.030206
700.883300 0.046015
701.115700 0.021384
701.348100 -0.032403
701.580600 0.014731
701.813000 0.013818
702.045400 -0.023945
702.277900 -0.018479
702.510400 0.030214
702.742900 -0.016004
702.975300 0.005734
703.207800 0.015328
703.440300 0.034769
703.672900 0.022541
703.905400 0.006260
704.137900 -0.003710
704.370500 -0.012591
704.603000 -0.009513
704.835600 -0.016667
705.068200 -0.037331
705.300800 -0.026883
705.533400 0.035161
705.766000 0.008941
705.998600 0.002301
706.231200 -0.016104
706.463800 0.033194
706.696500 -0.008346
706.929100 -0.009522
707.161800 -0.043536
707.394500 -0.001037
707.627200 0.005214
707.859900 0.029347
708.092600 0.025683
708.325300 -0.000684
708.558000 -0.010062
708.790700 0.014064
709.023500 0.027556
709.256200 -0.010323
709.489000 -0.019790
709.721700 -0.008417
709.954500 0.004945
710.187300 0.003991
710.420100 0.002234
710.652900 -0.008885
710.885700 -0.012524
711.118600 -0.025263
711.351400 -0.063111
711.584200 -0.009842
711.817100 -0.026994
712.050000 0.003593
712.282800 -0.008572
712.515700 0.006379
712.748600 0.003968
712.981500 0.014494
713.214400 0.004542
713.447400 -0.000813
713.680300 -0.009539
713.913200 0.004723
714.146200 -0.003399
714.379100 -0.031195
714.612100 -0.005036
714.845100 -0.000874
715.078100 0.016026
715.311100 0.001722
715.544100 -0.002180
715.777100 -0.013759
716.010200 -0.015792
716.243200 -0.023707
716.476200 -0.014008
716.709300 0.006512
716.942400 -0.037903
717.175400 -0.020772
717.408500 -0.019180
717.641600 -0.027514
717.874700 -0.030383
718.107800 -0.014988
718.341000 -0.022442
718.574100 -0.012703
718.807200 0.019888
719.040400 -0.012966
719.273600 -0.001697
719.506700 0.006913
719.739900 -0.014230
719.973100 -0.024681
720.206300 0.005869
720.439500 0.014762
720.672700 0.003108
720.906000 -0.004254
721.139200 -0.018054
721.372500 0.013758
721.605700 0.001752
721.839000 0.009752
722.072300 0.009346
722.305500 -0.007795
722.538800 0.006332
722.772100 -0.022005
723.005500 -0.016546
723.238800 -0.024809
723.472100 -0.019873
723.705500 -0.004880
723.938800 -0.005696
724.172200 -0.040151
724.405600 -0.008574
724.638900 0.013847
724.872300 -0.031240
725.105700 -0.018169
725.339100 -0.003110
725.572600 -0.011540
725.806000 -0.013336
726.039400 0.030194
726.272900 0.019284
726.506300 -0.021312
726.739800 0.044304
726.973300 -0.000066
727.206800 0.003023
727.440300 0.010558
727.673800 0.009612
727.907300 0.037101
728.140800 -0.004729
728.374300 -0.011980
728.607900 0.007581
728.841400 0.003621
729.075000 -0.028058
729.308600 -0.028047
729.542100 -0.001328
729.775700 0.005261
730.009300 -0.015579
730.242900 -0.023313
730.476600 0.033048
730.710200 0.021387
730.943800 0.027131
731.177500 -0.009561
731.411100 0.005541
731.644800 0.001196
731.878500 -0.010681
732.112200 0.007083
732.345800 0.005211
732.579500 0.023206
732.813300 0.006589
733.047000 0.030474
733.280700 0.028087
733.514500 -0.000119
733.748200 0.010983
733.982000 0.004001
734.215700 -0.008716
734.449500 -0.002857
734.683300 0.002882
734.917100 0.012210
735.150900 -0.016462
735.384700 -0.011675
735.618500 -0.002088
735.852400 0.011838
736.086200 0.005948
736.320100 0.002627
736.553900 0.026380
736.787800 -0.005317
737.021700 -0.009336
737.255600 0.010396
737.489500 0.009814
737.723400 -0.014708
737.957300 -0.021633
738.191200 -0.004422
738.425200 -0.011787
738.659100 0.020871
738.893100 -0.018112
739.127100 0.005617
739.361000 -0.000037
739.595000 0.005492
739.829000 0.000796
740.063000 -0.002359
740.297000 0.005678
740.531000 -0.037314
740.765100 0.014669
740.999100 -0.003917
741.233200 0.001970
741.467200 0.014089
741.701300 -0.021367
741.935400 -0.002473
742.169500 -0.016960
742.403600 0.005744
742.637700 0.013952
742.871800 0.012323
743.105900 0.006263
743.340000 -0.014216
743.574200 -0.001082
743.808300 -0.018805
744.042500 -0.010332
744.276700 -0.014785
744.510800 -0.024645
744.745000 -0.014936
744.979200 0.019968
745.213400 -0.036647
745.447700 -0.000045
745.681900 -0.004995
745.916100 0.000575
746.150400 0.024088
746.384600 -0.012518
746.618900 -0.018627
746.853200 0.002704
747.087400 -0.027532
747.321700 -0.018064
747.556000 0.002961
747.790300 -0.009160
748.024700 -0.040859
748.259000 -0.008965
748.493300 -0.004402
748.727700 -0.024079
748.962000 0.006343
749.196400 -0.003308
749.430800 -0.000617
749.665200 -0.023639
749.899500 0.000283
750.133900 0.012125
750.368400 0.021779
750.602800 -0.017839
750.837200 -0.023399
751.071700 0.015711
751.306100 0.003400
751.540600 -0.014346
751.775000 -0.001742
752.009500 -0.007831
752.244000 -0.003445
752.478500 -0.012735
752.713000 -0.011609
752.947500 -0.030343
753.182000 0.030740
753.416600 -0.015846
753.651100 0.021180
753.885600 0.010179
754.120200 -0.000532
754.354800 0.016082
754.589400 -0.006788
754.823900 -0.007209
755.058500 0.000892
755.293100 0.001993
755.527800 0.011928
755.762400 -0.019226
755.997000 0.010965
756.231700 -0.010838
756.466300 -0.002378
756.701000 -0.001137
756.935600 -0.016698
757.170300 0.002000
757.405000 0.010945
757.639700 0.015790
757.874400 0.017306
758.109100 0.012599
758.343800 0.018627
758.578600 0.004004
758.813300 0.019318
759.048100 -0.009380
759.282800 -0.010640
759.517600 -0.000237
759.752400 0.003567
759.987200 -0.003217
760.222000 -0.001049
760.456800 0.019882
760.691600 0.015658
760.926400 0.017806
761.161300 0.001579
761.396100 0.000389
761.631000 0.024047
761.865800 0.037001
762.100700 0.004379
762.335600 0.001043
762.570500 -0.012592
762.805400 -0.004328
763.040300 -0.003762
763.275200 0.018421
763.510100 0.009347
763.745000 -0.000496
763.980000 -0.007513
764.214900 -0.023259
764.449900 0.011892
764.684900 0.003840
764.919800 0.002115
765.154800 0.007082
765.389800 0.005192
765.624800 0.042615
765.859900 -0.018923
766.094900 -0.002406
766.329900 0.008215
766.565000 0.002208
766.800000 -0.011952
767.035100 0.000919
767.270100 -0.004939
767.505200 -0.016323
767.740300 -0.012709
767.975400 -0.010871
768.210500 -0.001050
768.445600 -0.028502
768.680800 0.003386
768.915900 0.044393
769.151000 -0.003204
769.386200 -0.004330
769.621400 0.005685
769.856500 0.013538
770.091700 0.018133
770.326900 0.006262
770.562100 0.014068
770.797300 -0.007402
771.032500 -0.007253
771.267700 -0.003788
771.503000 0.003637
771.738200 0.021327
771.973500 -0.017386
772.208700 0.021870
772.444000 0.021878
772.679300 -0.005630
772.914600 0.018624
773.149900 -0.005377
773.385200 -0.006704
773.620500 0.003123
773.855800 0.005134
774.091100 -0.026112
774.326500 -0.006193
774.561800 0.013727
774.797200 0.052532
775.032600 0.051743
775.267900 -0.033152
775.503300 0.000559
775.738700 -0.000045
775.974100 0.005255
776.209500 0.007039
776.445000 -0.012450
776.680400 0.022743
776.915800 0.029698
777.151300 -0.029841
777.386800 -0.010256
777.622200 -0.029430
777.857700 -0.019877
778.093200 -0.004274
778.328700 -0.011685
778.564200 0.008702
778.799700 -0.022895
779.035200 0.014393
779.270700 0.009726
779.506300 0.005860
779.741800 0.014378
779.977400 -0.018821
780.213000 -0.015993
780.448500 -0.011995
780.684100 0.017300
780.919700 -0.003072
781.155300 -0.021612
781.390900 0.020036
781.626500 -0.013589
781.862200 0.026741
782.097800 0.037143
782.333500 0.004641
782.569100 0.025345
782.804800 -0.008359
783.040500 0.002662
783.276100 -0.018027
783.511800 0.018737
783.747500 -0.017357
783.983200 -0.013975
784.219000 0.013287
784.454700 0.006625
784.690400 0.016163
784.926200 0.017989
785.161900 0.027080
785.397700 0.014198
785.633500 -0.022270
785.869200 0.005409
786.105000 -0.004009
786.340800 0.028990
786.576600 -0.019814
786.812400 0.026594
787.048300 0.017801
787.284100 -0.015257
787.519900 -0.024859
787.755800 -0.004247
787.991700 -0.020810
788.227500 0.013293
788.463400 -0.040313
788.699300 -0.000348
788.935200 0.003013
789.171100 0.000781
789.407000 -0.001575
789.642900 0.013306
789.878900 0.006214
790.114800 -0.010887
790.350700 0.000684
790.586700 0.000660
790.822700 -0.000571
791.058600 -0.032280
791.294600 0.038891
791.530600 0.003242
791.766600 -0.012000
792.002600 0.055632
792.238700 -0.051334
792.474700 0.070510
792.710700 0.014357
792.946800 -0.054281
793.182800 0.001030
793.418900 -0.006025
793.655000 0.016182
793.891000 0.013996
794.127100 0.004439
794.363200 0.053318
794.599300 0.004737
794.835500 -0.021834
795.071600 0.022209
795.307700 0.007901
795.543900 0.005178
795.780000 -0.002048
796.016200 0.002374
796.252300 0.012950
796.488500 0.003306
796.724700 0.015855
796.960900 0.015499
797.197100 -0.021144
797.433300 -0.028328
797.669500 -0.011054
797.905800 0.046508
798.142000 0.030101
798.378300 -0.022259
798.614500 -0.010204
798.850800 0.059863
799.087100 0.003135
799.323300 -0.001189
799.559600 -0.015652
799.795900 0.024966
800.032200 0.001078
800.268600 -0.041863
800.504900 0.009861
800.741200 -0.003005
800.977600 -0.012265
801.213900 0.005566
801.450300 0.002476
801.686700 0.007937
801.923000 -0.010570
802.159400 -0.016796
802.395800 0.014253
802.632200 -0.057204
802.868600 -0.058689
803.105100 0.017761
803.341500 -0.037470
803.577900 0.043000
803.814400 0.053402
804.050800 -0.028060
804.287300 -0.036259
804.523800 0.022210
804.760300 -0.002458
804.996800 -0.023075
805.233300 0.049771
805.469800 -0.027778
805.706300 -0.021694
805.942800 -0.035535
806.179400 -0.012179
806.415900 -0.000378
806.652500 -0.004781
806.889000 -0.004306
807.125600 -0.005462
807.362200 -0.009442
807.598800 -0.002733
807.835400 -0.006947
808.072000 0.007569
808.308600 -0.006110
808.545200 -0.012610
808.781800 -0.025765
809.018500 0.049762
809.255100 -0.034771
809.491800 -0.006578
809.728400 -0.062429
809.965100 0.006068
810.201800 0.015282
810.438500 -0.042642
810.675200 -0.037401
810.911900 0.073950
811.148600 0.018983
811.385300 -0.021314
811.622100 -0.016476
811.858800 -0.005453
812.095600 -0.015504
812.332300 0.034347
812.569100 -0.006829
812.805900 -0.043132
813.042700 -0.008613
813.279500 0.043303
813.516300 -0.092293
813.753100 0.014768
813.989900 0.048588
814.226700 0.042428
814.463600 -0.021997
814.700400 0.017059
814.937300 0.016442
815.174200 0.040430
815.411000 -0.005997
815.647900 -0.046167
815.884800 -0.032221
816.121700 0.031596
816.358600 0.051372
816.595500 0.022806
816.832400 -0.024204
817.069400 -0.003899
817.306300 0.018448
817.543300 0.000768
817.780200 -0.066868
818.017200 0.035113
818.254200 0.026910
818.491200 -0.026860
818.728200 0.042866
818.965200 -0.025235
819.202200 0.000237
819.439200 0.012952
819.676200 -0.048621
819.913300 -0.027416
820.150300 0.024325
820.387400 0.018494
820.624400 -0.005750
820.861500 -0.007976
821.098600 0.033744
821.335700 0.044168
821.572700 -0.011941
821.809900 -0.011042
822.047000 0.040527
822.284100 -0.005044
822.521200 -0.023622
822.758400 0.058415
822.995500 0.015554
823.232700 -0.037322
823.469800 0.000568
823.707000 0.042229
823.944200 -0.028432
824.181400 0.066742
824.418600 -0.038351
824.655800 -0.045773
824.893000 -0.019713
825.130200 0.118856
825.367500 0.009148
825.604700 -0.010903
825.841900 -0.015020
826.079200 -0.013996
826.316500 0.046292
826.553700 -0.005555
826.791000 0.031140
827.028300 -0.020452
827.265600 0.000191
827.502900 0.038719
827.740200 0.019785
827.977600 -0.036432
828.214900 -0.041275
828.452200 -0.042785
828.689600 -0.011840
828.927000 0.005500
829.164300 0.002530
829.401700 -0.062634
829.639100 -0.007811
829.876500 -0.078131
830.113900 -0.011140
830.351300 -0.022199
830.588700 0.011865
830.826100 -0.017201
831.063600 -0.074388
831.301000 0.046192
831.538500 -0.074673
831.775900 -0.013819
832.013400 -0.019132
832.250900 -0.050915
832.488400 0.071950
832.725900 0.014404
832.963400 0.019439
833.200900 0.082943
833.438400 -0.054462
833.675900 0.084520
833.913500 0.030972
834.151000 0.042559
834.388600 0.067841
834.626100 -0.056464
834.863700 0.051333
835.101300 0.005966
835.338900 0.003906
835.576500 -0.042583
835.814100 -0.046284
836.051700 -0.045405
836.289300 0.014019
836.526900 -0.013241
836.764600 0.002579
837.002200 0.021348
837.239900 0.035787
837.477500 -0.060972
837.715200 -0.103191
837.952900 -0.050329
838.190600 -0.040927
838.428300 -0.041096
838.666000 -0.030027
838.903700 -0.039418
839.141400 -0.061520
839.379100 0.033868
839.616900 -0.011977
839.854600 0.049288
840.092400 -0.011745
840.330200 0.025302
840.567900 0.039571
840.805700 -0.035558
841.043500 -0.011029
841.281300 -0.024853
841.519100 -0.044208
841.756900 -0.020001
841.994700 -0.082723
842.232600 0.013910
842.470400 0.011734
842.708200 -0.203244
842.946100 0.029270
843.184000 -0.100639
843.421800 0.035384
843.659700 -0.048167
843.897600 -0.095741
844.135500 0.098412
844.373400 -0.003328
844.611300 0.110618
844.849200 0.039446
845.087200 -0.026988
845.325100 0.110164
845.563100 0.118594
845.801000 -0.039677
846.039000 -0.012812
846.277000 -0.018654
846.514900 -0.008958
846.752900 -0.092539
846.990900 -0.132480
847.228900 -0.194554
847.466900 0.003234
847.705000 0.007729
847.943000 -0.144003
848.181000 0.034561
848.419100 -0.042976
848.657100 0.051291
848.895200 0.000976
849.133300 -0.000784
849.371300 -0.067828
849.609400 0.197510
849.847500 -0.041792
850.085600 -0.100180
850.323700 0.036555
850.561900 0.002094
850.800000 0.031454
851.038100 -0.060790
851.276300 -0.090223
851.514400 0.002380
851.752600 0.014122
851.990800 -0.090246
852.228900 -0.087137
852.467100 -0.044534
852.705300 -0.017975
852.943500 -0.070099
853.181700 0.079642
853.420000 -0.010160
853.658200 -0.021617
853.896400 0.000793
854.134700 -0.016901
854.372900 -0.003051
854.611200 0.034849
854.849500 0.060965
855.087700 -0.000487
855.326000 0.029109
855.564300 -0.018628
855.802600 0.090070
856.040900 0.078996
856.279200 -0.004234
856.517600 0.046608
856.755900 -0.032576
856.994200 -0.058361
857.232600 0.065694
857.471000 -0.023219
857.709300 -0.097278
857.947700 0.003896
858.186100 0.023876
858.424500 -0.038242
858.662900 0.021557
858.901300 0.063873
859.139700 0.026592
859.378100 -0.039535
859.616600 0.017294
859.855000 -0.002165
860.093500 -0.060106
860.331900 -0.005152
860.570400 -0.007255
860.808900 0.010312
861.047300 -0.084403
861.285800 0.096368
861.524300 0.115827
861.762800 -0.046060
862.001300 -0.091399
862.239900 0.028699
862.478400 0.018493
862.716900 0.039223
862.955500 -0.038209
863.194000 0.064209
863.432600 0.030454
863.671200 -0.048995
863.909800 -0.131055
864.148300 0.012618
864.386900 -0.038570
864.625500 0.013069
864.864200 -0.010679
865.102800 -0.061069
865.341400 -0.043591
865.580000 -0.035461
865.818700 0.069702
866.057300 0.041581
866.296000 0.058134
866.534700 -0.055399
866.773300 -0.009312
867.012000 0.061067
867.250700 -0.069772
867.489400 -0.055037
867.728100 -0.013220
867.966900 -0.137305
868.205600 -0.098724
868.444300 -0.014217
868.683100 0.005202
868.921800 -0.042032
869.160600 0.002019
869.399300 -0.076204
869.638100 0.064542
869.876900 -0.046399
870.115700 -0.039124
870.354500 0.035643
870.593300 -0.034113
870.832100 -0.034381
871.070900 -0.108898
871.309700 -0.027681
871.548600 0.054262
871.787400 -0.092648
872.026300 -0.106833
872.265100 -0.096636
872.504000 -0.023777
872.742900 -0.153991
872.981800 0.020132
873.220700 0.074168
873.459600 0.013855
873.698500 0.135025
873.937400 -0.046689
874.176300 -0.069820
874.415300 0.035889
874.654200 0.061292
874.893200 -0.040131
875.132100 -0.007964
875.371100 0.100134
875.610100 0.130969
875.849100 0.032827
876.088000 -0.121688
876.327000 0.079070
876.566100 0.038717
876.805100 0.000000
877.044100 -0.017518
877.283100 -0.126017
877.522200 -0.217533
877.761200 -0.089368
878.000300 0.048083
878.239300 0.042594
878.478400 0.101467
878.717500 -0.046477
878.956600 -0.036291
879.195700 0.054574
879.434800 -0.020314
879.673900 -0.001275
879.913000 0.121923
880.152100 0.027816
880.391300 0.022126
880.630400 0.004929
880.869600 -0.002991
881.108700 -0.009921
881.347900 0.041514
881.587100 0.063094
881.826200 0.011855
882.065400 -0.048432
882.304600 -0.004062
882.543800 0.069933
882.783100 0.154181
883.022300 -0.034762
883.261500 -0.039887
883.500700 -0.117856
883.740000 0.026486
883.979200 0.049686
884.218500 -0.042538
884.457800 0.045815
884.697100 -0.063669
884.936300 -0.060220
885.175600 -0.083965
885.414900 0.019478
885.654200 -0.031079
885.893600 -0.085654
886.132900 -0.034578
886.372200 0.008830
886.611600 -0.226726
886.850900 0.043082
887.090300 0.054444
887.329600 0.082277
887.569000 0.012729
887.808400 0.023721
888.047800 -0.188925
888.287200 -0.125516
888.526600 -0.074741
888.766000 0.037262
889.005400 0.000000
889.244800 0.055623
889.484300 -0.001921
889.723700 0.022265
889.963200 0.042028
890.202600 -0.056619
890.442100 0.004579
890.681600 -0.039620
890.921100 0.014777
891.160600 0.038677
891.400100 0.026897
891.639600 -0.013277
891.879100 0.094499
892.118600 0.098508
892.358100 0.040120
892.597700 0.003729
892.837200 0.111674
893.076800 0.011182
893.316300 0.056003
893.555900 0.065150
893.795500 -0.024841
894.035100 -0.057193
894.274700 0.073461
894.514300 -0.064351
894.753900 -0.153399
894.993500 -0.040277
895.233100 0.004007
895.472700 0.005926
895.712400 0.097077
895.952000 -0.013762
896.191700 0.035561
896.431400 -0.031168
896.671000 0.025587
896.910700 0.008481
897.150400 0.105355
897.390100 -0.155426
897.629800 0.007460
897.869500 -0.057699
898.109200 0.106702
898.348900 0.140183
898.588700 -0.029220
898.828400 -0.004049
899.068200 0.049670
899.307900 0.078079
899.547700 0.097616
899.787500 0.033923
900.027200 -0.285555
900.267000 0.156290
900.506800 -0.017746
900.746600 0.024483
900.986400 0.138059
901.226300 0.110225
901.466100 0.006816
901.705900 -0.043551
901.945800 -0.050638
902.185600 0.020047
902.425500 -0.011184
902.665400 -0.197264
902.905200 -0.008425
903.145100 -0.068540
903.385000 -0.114110
903.624900 0.060390
903.864800 0.091621
904.104700 -0.004555
904.344600 -0.062315
904.584600 -0.105946
904.824500 0.044289
905.064400 -0.047005
905.304400 0.029902
905.544400 -0.012557
905.784300 0.123226
906.024300 -0.037479
906.264300 -0.050918
906.504300 -0.015613
906.744300 0.016555
906.984300 0.022726
907.224300 0.144717
907.464300 0.081343
907.704300 -0.086808
907.944400 0.012381
908.184400 -0.066930
908.424500 -0.074862
908.664500 -0.129048
908.904600 -0.022386
909.144700 0.053316
909.384700 -0.016891
909.624800 0.006480
909.864900 -0.125018
910.105000 -0.054733
910.345200 -0.276559
910.585300 0.105115
910.825400 0.032963
911.065500 0.008300
911.305700 0.054050
911.545800 0.090721
911.786000 -0.067569
912.026200 -0.077641
912.266300 0.189150
912.506500 -0.120511
912.746700 -0.063428
912.986900 -0.122721
913.227100 -0.067725
913.467300 0.351561
913.707500 -0.080651
913.947800 0.078321
914.188000 0.244486
914.428300 -0.097152
914.668500 -0.057475
914.908800 0.069933
915.149000 -0.148860
915.389300 0.182471
915.629600 0.226473
915.869900 0.002780
916.110200 -0.216124
916.350500 -0.073347
916.590800 -0.049746
916.831100 0.252438
917.071400 -0.095800
917.311800 -0.064128
917.552100 0.092860
917.792500 -0.034424
918.032800 0.014711
918.273200 0.075223
918.513600 0.073394
918.753900 0.050577
918.994300 0.013465
919.234700 0.189988
919.475100 0.144200
919.715500 -0.153567
919.956000 0.066178
920.196400 -0.105830
920.436800 -0.059251
920.677300 0.053870
920.917700 0.039493
921.158200 -0.034038
921.398600 0.033583
921.639100 0.101763
921.879600 -0.198460
922.120100 -0.186048
922.360600 -0.072979
922.601100 -0.118193
922.841600 0.022786
923.082100 0.203467
923.322600 -0.074922
923.563100 -0.043333
923.803700 -0.072099
924.044200 -0.002585
924.284800 0.021694
924.525400 -0.154708
924.765900 -0.035111
925.006500 -0.106876
925.247100 -0.096097
925.487700 0.030590
925.728300 0.089058
925.968900 -0.016565
926.209500 0.143606
926.450100 0.158149
926.690800 0.065277
926.931400 0.017398
927.172000 -0.108357
927.412700 -0.082435
927.653300 0.040305
927.894000 0.130920
928.134700 0.085668
928.375400 0.008002
928.616100 0.124551
928.856800 0.017214
929.097500 -0.078876
929.338200 -0.085397
929.578900 0.067326
929.819600 -0.190829
930.060400 -0.142451
930.301100 -0.080396
930.541900 0.366349
930.782600 -0.006653
931.023400 0.115315
931.264200 -0.121804
931.504900 0.138901
931.745700 0.080801
931.986500 -0.068505
932.227300 -0.108997
932.468100 0.012787
932.708900 -0.103766
932.949800 0.196474
933.190600 0.029200
933.431400 -0.072752
933.672300 0.339175
933.913100 -0.135086
934.154000 0.102787
934.394900 0.044869
934.635800 -0.214257
934.876600 0.024890
935.117500 0.154590
935.358400 0.160090
935.599300 0.089279
935.840300 -0.092558
936.081200 0.252372
936.322100 -0.278270
936.563000 0.144200
936.804000 0.069886
937.044900 -0.316981
937.285900 -0.044826
937.526900 0.059235
937.767800 0.137192
938.008800 0.235528
938.249800 0.161224
938.490800 -0.013353
938.731800 0.169607
938.972800 0.188584
939.213800 -0.028131
939.454900 -0.012678
939.695900 0.242095
939.936900 -0.071483
940.178000 0.161687
940.419000 -0.114091
940.660100 0.056620
940.901200 -0.024107
941.142200 -0.533344
941.383300 0.020352
941.624400 0.177777
941.865500 0.212377
942.106600 0.142047
942.347700 -0.297415
942.588900 0.067028
942.830000 -0.214465
943.071100 -0.087858
943.312300 -0.152052
943.553400 -0.157801
943.794600 0.070303
944.035700 -0.314409
944.276900 -0.078768
944.518100 -0.042794
944.759300 0.114490
945.000500 -0.257921
945.241700 0.308724
945.482900 0.180049
945.724100 0.528914
945.965300 0.043808
946.206600 0.014526
946.447800 -0.029387
946.689100 -0.004698
946.930300 -0.718611
947.171600 -0.197759
947.412800 -0.133702
947.654100 -0.208009
947.895400 1.276903
948.136700 0.420242
948.378000 -0.295009
948.619300 3.257918
948.860600 0.039464
949.101900 0.256161
949.343300 0.547656
949.584600 0.940546
949.825900 0.713893
950.067300 0.248111
950.308600 -0.227414
950.550000 -0.016996
950.791400 -0.404494
951.032700 -0.399567
951.274100 -0.128301
951.515500 0.390977
951.756900 0.040407
951.998300 -0.064611
952.239800 0.044321
952.481200 -0.005566
952.722600 -0.415573
952.964000 0.226531
953.205500 -0.149923
953.446900 -0.190341
953.688400 0.000566
953.929900 0.122930
954.171300 -1.481273
954.412800 -0.148979
954.654300 0.282353
954.895800 -0.310209
955.137300 -0.245184
955.378800 0.100364
955.620300 0.817345
955.861800 0.572744
956.103400 -0.016207
956.344900 0.237564
956.586500 0.216977
956.828000 0.138360
957.069600 -0.136234
957.311100 -0.635969
957.552700 0.066829
957.794300 -0.149386
958.035900 0.268397
958.277500 -0.328006
958.519100 -0.115989
958.760700 0.084527
959.002300 0.112629
959.243900 0.010685
959.485600 -0.290424
959.727200 0.049193
959.968800 -0.004171
960.210500 -0.316204
960.452200 0.180817
960.693800 -0.289900
960.935500 -2.079181
961.177200 0.332793
961.418900 -0.439508
961.660600 -0.042715
961.902300 0.032878
962.144000 -0.579104
962.385700 0.112263
962.627400 0.226537
962.869200 -0.576675
963.110900 3.003891
963.352700 -0.124625
963.594400 0.221937
963.836200 -0.085725
964.077900 0.451365
964.319700 0.506331
964.561500 0.198623
964.803300 -0.133057
965.045100 -0.426399
965.286900 -0.286041
965.528700 0.224923
965.770500 0.296021
966.012300 0.167453
966.254200 0.482060
966.496000 -0.484593
966.737900 -0.199203
966.979700 0.081384
967.221600 -0.168814
967.463400 0.571442
967.705300 0.418289
967.947200 -0.210299
968.189100 0.966477
968.431000 0.012557
968.672900 -0.233153
968.914800 -0.039843
969.156700 2.745075
969.398700 0.586896
969.640600 -0.869098
969.882500 -0.088221
970.124500 -0.379537
970.366400 0.101966
970.608400 0.447473
970.850400 -0.418282
971.092300 -0.074310
971.334300 0.035614
971.576300 -0.403807
971.818300 0.156304
972.060300 0.913739
972.302300 0.054973
972.544300 -0.257523
972.786400 0.104417
973.028400 -0.157725
973.270400 -0.137370
973.512500 0.331918
973.754500 0.082877
973.996600 0.244249
974.238700 0.093781
974.480700 0.544068
974.722800 -0.002335
974.964900 -0.142859
975.207000 0.824438
975.449100 -0.360514
975.691200 -0.023153
975.933300 -0.184127
976.175500 -3.002598
976.417600 -0.253984
976.659700 0.171095
976.901900 -0.181702
977.144000 -0.004989
977.386200 1.201007
977.628300 0.217629
977.870500 -0.002514
978.112700 0.116785
978.354900 2.775974
978.597100 0.111380
978.839300 0.106800
979.081500 -0.220581
979.323700 -2.933487
979.565900 -0.522124
979.808200 -0.140739
980.050400 0.303617
980.292600 -0.273342
980.534900 -0.072453
980.777100 -0.082954
981.019400 -0.211914
981.261700 0.226612
981.504000 0.066947
981.746200 -0.951476
981.988500 -0.437144
982.230800 2.805501
982.473100 0.189969
982.715500 1.331519
982.957800 0.720159
983.200100 0.911158
983.442400 -0.451546
983.684800 -0.134147
983.927100 -0.112177
984.169500 1.237238
984.411800 -0.364625
984.654200 -0.347127
984.896600 0.053808
985.139000 1.230449
985.381400 -0.007368
985.623800 3.218010
985.866200 -0.022333
986.108600 -2.922725
986.351000 0.201164
986.593400 2.820201
986.835800 -0.109422
987.078300 0.419694
987.320700 -0.181043
987.563200 2.700704
987.805600 2.414973
988.048100 3.189209
988.290600 -0.050482
988.533100 -3.037825
988.775600 0.229949
989.018000 3.115278
989.260500 0.387390
989.503100 0.000000
989.745600 -1.011281
989.988100 -2.426511
990.230600 0.258755
990.473200 0.544572
990.715700 0.060122
990.958200 -0.561544
991.200800 0.482624
991.443400 0.000000
991.685900 -0.425015
991.928500 -2.838849
992.171100 -0.501554
992.413700 3.125806
992.656300 3.161667
992.898900 -0.045403
993.141500 -0.400254
993.384100 -0.078423
993.626700 0.522063
993.869400 -0.050482
994.112000 -0.148545
994.354700 -0.032312
994.597300 -0.032011
994.840000 -2.426511
995.082600 -0.330897
995.325300 2.269513
995.568000 0.150796
995.810700 -0.749690
996.053400 0.346459
996.296100 0.045614
996.538800 0.447473
996.781500 0.389386
997.024200 -0.915513
997.267000 -0.504316
997.509700 0.065114
997.752400 -0.175351
997.995200 -0.003077
998.237900 2.701568
998.480700 0.741202
998.723500 0.000000
998.966200 2.956168
999.209000 0.000000
999.451800 3.003891
999.694600 3.025715
999.937400 2.318063
1000.180200 0.295236
1000.423000 0.402433
1000.665900 -0.076129
1000.908700 2.396199
1001.151500 2.727541
1001.394400 0.011076
1001.637200 0.008419
1001.880100 -1.217484
1002.123000 -0.011764
1002.365800 0.080055
1002.608700 -0.862173
1002.851600 0.088507
1003.094500 1.090725
1003.337400 2.217484
1003.580300 -3.406029
1003.823200 2.414973
1004.066100 2.945961
1004.309100 -0.264746
1004.552000 -0.253614
1004.794900 0.187656
1005.037900 0.252573
1005.280800 1.262112
1005.523800 0.637012
1005.766700 0.264076
1006.009700 0.500732
1006.252700 -3.020361
1006.495700 -0.038956
1006.738700 -1.886491
1006.981700 -0.049739
1007.224700 2.653213
1007.467700 -0.725399
1007.710700 2.610660
1007.953800 -0.145241
1008.196800 0.657215
1008.439800 0.985831
1008.682900 -0.089790
1008.925900 0.502108
1009.169000 2.884229
1009.412100 -3.203305
1009.655100 -1.323030
1009.898200 0.133715
1010.141300 -0.418900
1010.384400 0.090112
1010.627500 -0.383259
1010.870600 0.004176
1011.113700 0.319947
1011.356800 -0.548271
1011.600000 -1.666134
1011.843100 -0.082569
1012.086300 0.000000
1012.329400 -0.301567
1012.572600 -2.459392
1012.815700 -0.170821
1013.058900 -2.964731
1013.302100 -0.187839
1013.545200 -0.160614
1013.788400 -0.083504
1014.031600 -2.888741
1014.274800 3.075182
1014.518000 0.285172
1014.761300 3.177536
1015.004500 -3.077731
1015.247700 -0.113713
1015.490900 -2.733999
1015.734200 0.977349
1015.977400 -0.619789
1016.220700 -2.595496
1016.464000 -0.101635
1016.707200 -0.356211
1016.950500 2.378398
1017.193800 -0.317877
1017.437100 2.562293
1017.680400 -0.379125
1017.923700 2.975891
1018.167000 0.392875
1018.410300 -0.221058
1018.653600 0.704299
1018.896900 0.019005
1019.140300 -0.216796
1019.383600 2.662758
1019.627000 -0.216466
1019.870300 -0.301030
1020.113700 0.344705
1020.357100 0.265558
1020.600400 -0.200532
1020.843800 3.090258
1021.087200 -0.061175
1021.330600 -3.203305
1021.574000 3.070776
1021.817400 0.000000
1022.060800 -2.911690
1022.304200 -2.716838
1022.547700 -0.126975
1022.791100 2.432969
1023.034500 -0.011863
